date,areaName,cumCasesBySpecimenDate,newCasesBySpecimenDate
2021-04-19,Barnet,30393,11
2021-04-18,Barnet,30382,17
2021-04-17,Barnet,30365,5
2021-04-16,Barnet,30360,10
2021-04-15,Barnet,30350,15
2021-04-14,Barnet,30335,19
2021-04-13,Barnet,30316,21
2021-04-12,Barnet,30295,23
2021-04-11,Barnet,30272,15
2021-04-10,Barnet,30257,18
2021-04-09,Barnet,30239,19
2021-04-08,Barnet,30220,16
2021-04-07,Barnet,30204,21
2021-04-06,Barnet,30183,13
2021-04-05,Barnet,30170,16
2021-04-04,Barnet,30154,7
2021-04-03,Barnet,30147,13
2021-04-02,Barnet,30134,17
2021-04-01,Barnet,30117,15
2021-03-31,Barnet,30102,11
2021-03-30,Barnet,30091,15
2021-03-29,Barnet,30076,27
2021-03-28,Barnet,30049,18
2021-03-27,Barnet,30031,14
2021-03-26,Barnet,30017,19
2021-03-25,Barnet,29998,14
2021-03-24,Barnet,29984,25
2021-03-23,Barnet,29959,7
2021-03-22,Barnet,29952,22
2021-03-21,Barnet,29930,19
2021-03-20,Barnet,29911,12
2021-03-19,Barnet,29899,6
2021-03-18,Barnet,29893,13
2021-03-17,Barnet,29880,14
2021-03-16,Barnet,29866,14
2021-03-15,Barnet,29852,16
2021-03-14,Barnet,29836,13
2021-03-13,Barnet,29823,8
2021-03-12,Barnet,29815,20
2021-03-11,Barnet,29795,18
2021-03-10,Barnet,29777,16
2021-03-09,Barnet,29761,24
2021-03-08,Barnet,29737,28
2021-03-07,Barnet,29709,19
2021-03-06,Barnet,29690,10
2021-03-05,Barnet,29680,19
2021-03-04,Barnet,29661,26
2021-03-03,Barnet,29635,31
2021-03-02,Barnet,29604,30
2021-03-01,Barnet,29574,20
2021-02-28,Barnet,29554,21
2021-02-27,Barnet,29533,22
2021-02-26,Barnet,29511,31
2021-02-25,Barnet,29480,27
2021-02-24,Barnet,29453,51
2021-02-23,Barnet,29402,42
2021-02-22,Barnet,29360,56
2021-02-21,Barnet,29304,29
2021-02-20,Barnet,29275,35
2021-02-19,Barnet,29240,52
2021-02-18,Barnet,29188,31
2021-02-17,Barnet,29157,72
2021-02-16,Barnet,29085,53
2021-02-15,Barnet,29032,46
2021-02-14,Barnet,28986,47
2021-02-13,Barnet,28939,36
2021-02-12,Barnet,28903,48
2021-02-11,Barnet,28855,55
2021-02-10,Barnet,28800,76
2021-02-09,Barnet,28724,67
2021-02-08,Barnet,28657,72
2021-02-07,Barnet,28585,68
2021-02-06,Barnet,28517,66
2021-02-05,Barnet,28451,68
2021-02-04,Barnet,28383,99
2021-02-03,Barnet,28284,142
2021-02-02,Barnet,28142,134
2021-02-01,Barnet,28008,133
2021-01-31,Barnet,27875,116
2021-01-30,Barnet,27759,117
2021-01-29,Barnet,27642,160
2021-01-28,Barnet,27482,163
2021-01-27,Barnet,27319,175
2021-01-26,Barnet,27144,167
2021-01-25,Barnet,26977,223
2021-01-24,Barnet,26754,143
2021-01-23,Barnet,26611,178
2021-01-22,Barnet,26433,260
2021-01-21,Barnet,26173,279
2021-01-20,Barnet,25894,303
2021-01-19,Barnet,25591,331
2021-01-18,Barnet,25260,409
2021-01-17,Barnet,24851,238
2021-01-16,Barnet,24613,259
2021-01-15,Barnet,24354,341
2021-01-14,Barnet,24013,328
2021-01-13,Barnet,23685,443
2021-01-12,Barnet,23242,407
2021-01-11,Barnet,22835,495
2021-01-10,Barnet,22340,319
2021-01-09,Barnet,22021,366
2021-01-08,Barnet,21655,437
2021-01-07,Barnet,21218,533
2021-01-06,Barnet,20685,556
2021-01-05,Barnet,20129,637
2021-01-04,Barnet,19492,663
2021-01-03,Barnet,18829,599
2021-01-02,Barnet,18230,558
2021-01-01,Barnet,17672,262
2020-12-31,Barnet,17410,504
2020-12-30,Barnet,16906,714
2020-12-29,Barnet,16192,866
2020-12-28,Barnet,15326,509
2020-12-27,Barnet,14817,631
2020-12-26,Barnet,14186,539
2020-12-25,Barnet,13647,227
2020-12-24,Barnet,13420,406
2020-12-23,Barnet,13014,527
2020-12-22,Barnet,12487,566
2020-12-21,Barnet,11921,566
2020-12-20,Barnet,11355,378
2020-12-19,Barnet,10977,285
2020-12-18,Barnet,10692,402
2020-12-17,Barnet,10290,359
2020-12-16,Barnet,9931,373
2020-12-15,Barnet,9558,365
2020-12-14,Barnet,9193,297
2020-12-13,Barnet,8896,190
2020-12-12,Barnet,8706,145
2020-12-11,Barnet,8561,198
2020-12-10,Barnet,8363,146
2020-12-09,Barnet,8217,161
2020-12-08,Barnet,8056,128
2020-12-07,Barnet,7928,132
2020-12-06,Barnet,7796,84
2020-12-05,Barnet,7712,79
2020-12-04,Barnet,7633,109
2020-12-03,Barnet,7524,87
2020-12-02,Barnet,7437,150
2020-12-01,Barnet,7287,82
2020-11-30,Barnet,7205,105
2020-11-29,Barnet,7100,87
2020-11-28,Barnet,7013,67
2020-11-27,Barnet,6946,84
2020-11-26,Barnet,6862,81
2020-11-25,Barnet,6781,108
2020-11-24,Barnet,6673,103
2020-11-23,Barnet,6570,87
2020-11-22,Barnet,6483,59
2020-11-21,Barnet,6424,48
2020-11-20,Barnet,6376,83
2020-11-19,Barnet,6293,104
2020-11-18,Barnet,6189,68
2020-11-17,Barnet,6121,98
2020-11-16,Barnet,6023,146
2020-11-15,Barnet,5877,63
2020-11-14,Barnet,5814,75
2020-11-13,Barnet,5739,96
2020-11-12,Barnet,5643,115
2020-11-11,Barnet,5528,116
2020-11-10,Barnet,5412,121
2020-11-09,Barnet,5291,150
2020-11-08,Barnet,5141,99
2020-11-07,Barnet,5042,71
2020-11-06,Barnet,4971,85
2020-11-05,Barnet,4886,75
2020-11-04,Barnet,4811,86
2020-11-03,Barnet,4725,78
2020-11-02,Barnet,4647,109
2020-11-01,Barnet,4538,43
2020-10-31,Barnet,4495,61
2020-10-30,Barnet,4434,77
2020-10-29,Barnet,4357,69
2020-10-28,Barnet,4288,64
2020-10-27,Barnet,4224,84
2020-10-26,Barnet,4140,85
2020-10-25,Barnet,4055,76
2020-10-24,Barnet,3979,61
2020-10-23,Barnet,3918,102
2020-10-22,Barnet,3816,101
2020-10-21,Barnet,3715,91
2020-10-20,Barnet,3624,99
2020-10-19,Barnet,3525,96
2020-10-18,Barnet,3429,49
2020-10-17,Barnet,3380,51
2020-10-16,Barnet,3329,66
2020-10-15,Barnet,3263,65
2020-10-14,Barnet,3198,64
2020-10-13,Barnet,3134,64
2020-10-12,Barnet,3070,82
2020-10-11,Barnet,2988,31
2020-10-10,Barnet,2957,39
2020-10-09,Barnet,2918,62
2020-10-08,Barnet,2856,78
2020-10-07,Barnet,2778,65
2020-10-06,Barnet,2713,52
2020-10-05,Barnet,2661,63
2020-10-04,Barnet,2598,35
2020-10-03,Barnet,2563,25
2020-10-02,Barnet,2538,49
2020-10-01,Barnet,2489,58
2020-09-30,Barnet,2431,47
2020-09-29,Barnet,2384,29
2020-09-28,Barnet,2355,24
2020-09-27,Barnet,2331,21
2020-09-26,Barnet,2310,15
2020-09-25,Barnet,2295,24
2020-09-24,Barnet,2271,26
2020-09-23,Barnet,2245,24
2020-09-22,Barnet,2221,13
2020-09-21,Barnet,2208,25
2020-09-20,Barnet,2183,18
2020-09-19,Barnet,2165,13
2020-09-18,Barnet,2152,10
2020-09-17,Barnet,2142,11
2020-09-16,Barnet,2131,12
2020-09-15,Barnet,2119,10
2020-09-14,Barnet,2109,17
2020-09-13,Barnet,2092,5
2020-09-12,Barnet,2087,6
2020-09-11,Barnet,2081,13
2020-09-10,Barnet,2068,20
2020-09-09,Barnet,2048,18
2020-09-08,Barnet,2030,16
2020-09-07,Barnet,2014,18
2020-09-06,Barnet,1996,10
2020-09-05,Barnet,1986,12
2020-09-04,Barnet,1974,17
2020-09-03,Barnet,1957,16
2020-09-02,Barnet,1941,15
2020-09-01,Barnet,1926,24
2020-08-31,Barnet,1902,15
2020-08-30,Barnet,1887,4
2020-08-29,Barnet,1883,4
2020-08-28,Barnet,1879,12
2020-08-27,Barnet,1867,21
2020-08-26,Barnet,1846,15
2020-08-25,Barnet,1831,7
2020-08-24,Barnet,1824,3
2020-08-23,Barnet,1821,5
2020-08-22,Barnet,1816,6
2020-08-21,Barnet,1810,9
2020-08-20,Barnet,1801,2
2020-08-19,Barnet,1799,9
2020-08-18,Barnet,1790,11
2020-08-17,Barnet,1779,9
2020-08-16,Barnet,1770,6
2020-08-15,Barnet,1764,1
2020-08-14,Barnet,1763,11
2020-08-13,Barnet,1752,6
2020-08-12,Barnet,1746,8
2020-08-11,Barnet,1738,4
2020-08-10,Barnet,1734,10
2020-08-09,Barnet,1724,2
2020-08-08,Barnet,1722,2
2020-08-07,Barnet,1720,9
2020-08-06,Barnet,1711,5
2020-08-05,Barnet,1706,4
2020-08-04,Barnet,1702,2
2020-08-03,Barnet,1700,2
2020-08-02,Barnet,1698,7
2020-08-01,Barnet,1691,4
2020-07-31,Barnet,1687,3
2020-07-30,Barnet,1684,9
2020-07-29,Barnet,1675,5
2020-07-28,Barnet,1670,8
2020-07-27,Barnet,1662,8
2020-07-26,Barnet,1654,0
2020-07-25,Barnet,1654,5
2020-07-24,Barnet,1649,2
2020-07-23,Barnet,1647,4
2020-07-22,Barnet,1643,7
2020-07-21,Barnet,1636,2
2020-07-20,Barnet,1634,2
2020-07-19,Barnet,1632,2
2020-07-18,Barnet,1630,4
2020-07-17,Barnet,1626,4
2020-07-16,Barnet,1622,0
2020-07-15,Barnet,1622,7
2020-07-14,Barnet,1615,1
2020-07-13,Barnet,1614,9
2020-07-12,Barnet,1605,4
2020-07-11,Barnet,1601,2
2020-07-10,Barnet,1599,1
2020-07-09,Barnet,1598,3
2020-07-08,Barnet,1595,1
2020-07-07,Barnet,1594,2
2020-07-06,Barnet,1592,1
2020-07-05,Barnet,1591,4
2020-07-04,Barnet,1587,1
2020-07-03,Barnet,1586,1
2020-07-02,Barnet,1585,2
2020-07-01,Barnet,1583,2
2020-06-30,Barnet,1581,1
2020-06-29,Barnet,1580,3
2020-06-28,Barnet,1577,1
2020-06-27,Barnet,1576,0
2020-06-26,Barnet,1576,3
2020-06-25,Barnet,1573,2
2020-06-24,Barnet,1571,0
2020-06-23,Barnet,1571,0
2020-06-22,Barnet,1571,0
2020-06-21,Barnet,1571,1
2020-06-20,Barnet,1570,0
2020-06-19,Barnet,1570,0
2020-06-18,Barnet,1570,1
2020-06-17,Barnet,1569,2
2020-06-16,Barnet,1567,2
2020-06-15,Barnet,1565,2
2020-06-14,Barnet,1563,0
2020-06-13,Barnet,1563,2
2020-06-12,Barnet,1561,1
2020-06-11,Barnet,1560,1
2020-06-10,Barnet,1559,2
2020-06-09,Barnet,1557,0
2020-06-08,Barnet,1557,1
2020-06-07,Barnet,1556,2
2020-06-06,Barnet,1554,2
2020-06-05,Barnet,1552,1
2020-06-04,Barnet,1551,1
2020-06-03,Barnet,1550,3
2020-06-02,Barnet,1547,3
2020-06-01,Barnet,1544,1
2020-05-31,Barnet,1543,1
2020-05-30,Barnet,1542,1
2020-05-29,Barnet,1541,3
2020-05-28,Barnet,1538,4
2020-05-27,Barnet,1534,9
2020-05-26,Barnet,1525,4
2020-05-25,Barnet,1521,1
2020-05-24,Barnet,1520,2
2020-05-23,Barnet,1518,1
2020-05-22,Barnet,1517,3
2020-05-21,Barnet,1514,8
2020-05-20,Barnet,1506,10
2020-05-19,Barnet,1496,7
2020-05-18,Barnet,1489,9
2020-05-17,Barnet,1480,6
2020-05-16,Barnet,1474,2
2020-05-15,Barnet,1472,5
2020-05-14,Barnet,1467,5
2020-05-13,Barnet,1462,16
2020-05-12,Barnet,1446,11
2020-05-11,Barnet,1435,6
2020-05-10,Barnet,1429,8
2020-05-09,Barnet,1421,5
2020-05-08,Barnet,1416,7
2020-05-07,Barnet,1409,13
2020-05-06,Barnet,1396,9
2020-05-05,Barnet,1387,12
2020-05-04,Barnet,1375,12
2020-05-03,Barnet,1363,6
2020-05-02,Barnet,1357,9
2020-05-01,Barnet,1348,10
2020-04-30,Barnet,1338,19
2020-04-29,Barnet,1319,17
2020-04-28,Barnet,1302,25
2020-04-27,Barnet,1277,20
2020-04-26,Barnet,1257,17
2020-04-25,Barnet,1240,11
2020-04-24,Barnet,1229,17
2020-04-23,Barnet,1212,19
2020-04-22,Barnet,1193,11
2020-04-21,Barnet,1182,27
2020-04-20,Barnet,1155,14
2020-04-19,Barnet,1141,21
2020-04-18,Barnet,1120,15
2020-04-17,Barnet,1105,21
2020-04-16,Barnet,1084,20
2020-04-15,Barnet,1064,24
2020-04-14,Barnet,1040,21
2020-04-13,Barnet,1019,23
2020-04-12,Barnet,996,18
2020-04-11,Barnet,978,20
2020-04-10,Barnet,958,21
2020-04-09,Barnet,937,34
2020-04-08,Barnet,903,49
2020-04-07,Barnet,854,46
2020-04-06,Barnet,808,37
2020-04-05,Barnet,771,40
2020-04-04,Barnet,731,38
2020-04-03,Barnet,693,37
2020-04-02,Barnet,656,65
2020-04-01,Barnet,591,37
2020-03-31,Barnet,554,48
2020-03-30,Barnet,506,42
2020-03-29,Barnet,464,31
2020-03-28,Barnet,433,34
2020-03-27,Barnet,399,54
2020-03-26,Barnet,345,55
2020-03-25,Barnet,290,46
2020-03-24,Barnet,244,38
2020-03-23,Barnet,206,31
2020-03-22,Barnet,175,26
2020-03-21,Barnet,149,18
2020-03-20,Barnet,131,21
2020-03-19,Barnet,110,26
2020-03-18,Barnet,84,14
2020-03-17,Barnet,70,7
2020-03-16,Barnet,63,11
2020-03-15,Barnet,52,10
2020-03-14,Barnet,42,6
2020-03-13,Barnet,36,6
2020-03-12,Barnet,30,5
2020-03-11,Barnet,25,11
2020-03-10,Barnet,14,3
2020-03-09,Barnet,11,3
2020-03-08,Barnet,8,1
2020-03-07,Barnet,7,0
2020-03-06,Barnet,7,1
2020-03-05,Barnet,6,1
2020-03-04,Barnet,5,4
2020-03-03,Barnet,1,0
2020-03-02,Barnet,1,0
2020-03-01,Barnet,1,0
2020-02-29,Barnet,1,0
2020-02-28,Barnet,1,0
2020-02-27,Barnet,1,1
