date,areaName,cumCasesBySpecimenDate,newCasesBySpecimenDate
2021-04-19,Bromley,24298,5
2021-04-18,Bromley,24293,5
2021-04-17,Bromley,24288,1
2021-04-16,Bromley,24287,1
2021-04-15,Bromley,24286,3
2021-04-14,Bromley,24283,3
2021-04-13,Bromley,24280,6
2021-04-12,Bromley,24274,4
2021-04-11,Bromley,24270,3
2021-04-10,Bromley,24267,4
2021-04-09,Bromley,24263,2
2021-04-08,Bromley,24261,4
2021-04-07,Bromley,24257,6
2021-04-06,Bromley,24251,9
2021-04-05,Bromley,24242,3
2021-04-04,Bromley,24239,6
2021-04-03,Bromley,24233,3
2021-04-02,Bromley,24230,5
2021-04-01,Bromley,24225,9
2021-03-31,Bromley,24216,7
2021-03-30,Bromley,24209,7
2021-03-29,Bromley,24202,9
2021-03-28,Bromley,24193,14
2021-03-27,Bromley,24179,3
2021-03-26,Bromley,24176,6
2021-03-25,Bromley,24170,12
2021-03-24,Bromley,24158,15
2021-03-23,Bromley,24143,9
2021-03-22,Bromley,24134,13
2021-03-21,Bromley,24121,10
2021-03-20,Bromley,24111,8
2021-03-19,Bromley,24103,17
2021-03-18,Bromley,24086,7
2021-03-17,Bromley,24079,10
2021-03-16,Bromley,24069,17
2021-03-15,Bromley,24052,6
2021-03-14,Bromley,24046,10
2021-03-13,Bromley,24036,14
2021-03-12,Bromley,24022,19
2021-03-11,Bromley,24003,15
2021-03-10,Bromley,23988,20
2021-03-09,Bromley,23968,15
2021-03-08,Bromley,23953,16
2021-03-07,Bromley,23937,6
2021-03-06,Bromley,23931,15
2021-03-05,Bromley,23916,9
2021-03-04,Bromley,23907,14
2021-03-03,Bromley,23893,9
2021-03-02,Bromley,23884,18
2021-03-01,Bromley,23866,13
2021-02-28,Bromley,23853,5
2021-02-27,Bromley,23848,17
2021-02-26,Bromley,23831,12
2021-02-25,Bromley,23819,11
2021-02-24,Bromley,23808,21
2021-02-23,Bromley,23787,20
2021-02-22,Bromley,23767,38
2021-02-21,Bromley,23729,22
2021-02-20,Bromley,23707,19
2021-02-19,Bromley,23688,26
2021-02-18,Bromley,23662,29
2021-02-17,Bromley,23633,35
2021-02-16,Bromley,23598,22
2021-02-15,Bromley,23576,27
2021-02-14,Bromley,23549,23
2021-02-13,Bromley,23526,20
2021-02-12,Bromley,23506,36
2021-02-11,Bromley,23470,42
2021-02-10,Bromley,23428,50
2021-02-09,Bromley,23378,41
2021-02-08,Bromley,23337,64
2021-02-07,Bromley,23273,33
2021-02-06,Bromley,23240,40
2021-02-05,Bromley,23200,69
2021-02-04,Bromley,23131,78
2021-02-03,Bromley,23053,72
2021-02-02,Bromley,22981,83
2021-02-01,Bromley,22898,94
2021-01-31,Bromley,22804,59
2021-01-30,Bromley,22745,67
2021-01-29,Bromley,22678,104
2021-01-28,Bromley,22574,109
2021-01-27,Bromley,22465,120
2021-01-26,Bromley,22345,126
2021-01-25,Bromley,22219,180
2021-01-24,Bromley,22039,103
2021-01-23,Bromley,21936,132
2021-01-22,Bromley,21804,154
2021-01-21,Bromley,21650,195
2021-01-20,Bromley,21455,172
2021-01-19,Bromley,21283,203
2021-01-18,Bromley,21080,295
2021-01-17,Bromley,20785,164
2021-01-16,Bromley,20621,187
2021-01-15,Bromley,20434,224
2021-01-14,Bromley,20210,243
2021-01-13,Bromley,19967,286
2021-01-12,Bromley,19681,256
2021-01-11,Bromley,19425,342
2021-01-10,Bromley,19083,224
2021-01-09,Bromley,18859,271
2021-01-08,Bromley,18588,290
2021-01-07,Bromley,18298,354
2021-01-06,Bromley,17944,428
2021-01-05,Bromley,17516,485
2021-01-04,Bromley,17031,584
2021-01-03,Bromley,16447,449
2021-01-02,Bromley,15998,487
2021-01-01,Bromley,15511,276
2020-12-31,Bromley,15235,468
2020-12-30,Bromley,14767,654
2020-12-29,Bromley,14113,893
2020-12-28,Bromley,13220,443
2020-12-27,Bromley,12777,581
2020-12-26,Bromley,12196,448
2020-12-25,Bromley,11748,161
2020-12-24,Bromley,11587,348
2020-12-23,Bromley,11239,475
2020-12-22,Bromley,10764,586
2020-12-21,Bromley,10178,548
2020-12-20,Bromley,9630,386
2020-12-19,Bromley,9244,302
2020-12-18,Bromley,8942,431
2020-12-17,Bromley,8511,378
2020-12-16,Bromley,8133,390
2020-12-15,Bromley,7743,354
2020-12-14,Bromley,7389,283
2020-12-13,Bromley,7106,202
2020-12-12,Bromley,6904,179
2020-12-11,Bromley,6725,197
2020-12-10,Bromley,6528,191
2020-12-09,Bromley,6337,210
2020-12-08,Bromley,6127,153
2020-12-07,Bromley,5974,116
2020-12-06,Bromley,5858,112
2020-12-05,Bromley,5746,88
2020-12-04,Bromley,5658,111
2020-12-03,Bromley,5547,86
2020-12-02,Bromley,5461,94
2020-12-01,Bromley,5367,87
2020-11-30,Bromley,5280,126
2020-11-29,Bromley,5154,52
2020-11-28,Bromley,5102,58
2020-11-27,Bromley,5044,92
2020-11-26,Bromley,4952,71
2020-11-25,Bromley,4881,74
2020-11-24,Bromley,4807,82
2020-11-23,Bromley,4725,81
2020-11-22,Bromley,4644,34
2020-11-21,Bromley,4610,39
2020-11-20,Bromley,4571,51
2020-11-19,Bromley,4520,48
2020-11-18,Bromley,4472,84
2020-11-17,Bromley,4388,75
2020-11-16,Bromley,4313,92
2020-11-15,Bromley,4221,61
2020-11-14,Bromley,4160,79
2020-11-13,Bromley,4081,87
2020-11-12,Bromley,3994,82
2020-11-11,Bromley,3912,82
2020-11-10,Bromley,3830,75
2020-11-09,Bromley,3755,72
2020-11-08,Bromley,3683,55
2020-11-07,Bromley,3628,48
2020-11-06,Bromley,3580,55
2020-11-05,Bromley,3525,59
2020-11-04,Bromley,3466,57
2020-11-03,Bromley,3409,57
2020-11-02,Bromley,3352,75
2020-11-01,Bromley,3277,28
2020-10-31,Bromley,3249,26
2020-10-30,Bromley,3223,55
2020-10-29,Bromley,3168,38
2020-10-28,Bromley,3130,43
2020-10-27,Bromley,3087,64
2020-10-26,Bromley,3023,80
2020-10-25,Bromley,2943,32
2020-10-24,Bromley,2911,47
2020-10-23,Bromley,2864,64
2020-10-22,Bromley,2800,58
2020-10-21,Bromley,2742,61
2020-10-20,Bromley,2681,55
2020-10-19,Bromley,2626,67
2020-10-18,Bromley,2559,46
2020-10-17,Bromley,2513,24
2020-10-16,Bromley,2489,39
2020-10-15,Bromley,2450,33
2020-10-14,Bromley,2417,63
2020-10-13,Bromley,2354,40
2020-10-12,Bromley,2314,44
2020-10-11,Bromley,2270,28
2020-10-10,Bromley,2242,26
2020-10-09,Bromley,2216,33
2020-10-08,Bromley,2183,27
2020-10-07,Bromley,2156,26
2020-10-06,Bromley,2130,41
2020-10-05,Bromley,2089,29
2020-10-04,Bromley,2060,34
2020-10-03,Bromley,2026,24
2020-10-02,Bromley,2002,18
2020-10-01,Bromley,1984,21
2020-09-30,Bromley,1963,32
2020-09-29,Bromley,1931,18
2020-09-28,Bromley,1913,15
2020-09-27,Bromley,1898,7
2020-09-26,Bromley,1891,9
2020-09-25,Bromley,1882,11
2020-09-24,Bromley,1871,10
2020-09-23,Bromley,1861,21
2020-09-22,Bromley,1840,9
2020-09-21,Bromley,1831,13
2020-09-20,Bromley,1818,8
2020-09-19,Bromley,1810,7
2020-09-18,Bromley,1803,12
2020-09-17,Bromley,1791,6
2020-09-16,Bromley,1785,4
2020-09-15,Bromley,1781,3
2020-09-14,Bromley,1778,13
2020-09-13,Bromley,1765,6
2020-09-12,Bromley,1759,1
2020-09-11,Bromley,1758,5
2020-09-10,Bromley,1753,13
2020-09-09,Bromley,1740,7
2020-09-08,Bromley,1733,12
2020-09-07,Bromley,1721,11
2020-09-06,Bromley,1710,4
2020-09-05,Bromley,1706,10
2020-09-04,Bromley,1696,8
2020-09-03,Bromley,1688,7
2020-09-02,Bromley,1681,14
2020-09-01,Bromley,1667,13
2020-08-31,Bromley,1654,2
2020-08-30,Bromley,1652,3
2020-08-29,Bromley,1649,5
2020-08-28,Bromley,1644,3
2020-08-27,Bromley,1641,4
2020-08-26,Bromley,1637,6
2020-08-25,Bromley,1631,4
2020-08-24,Bromley,1627,4
2020-08-23,Bromley,1623,5
2020-08-22,Bromley,1618,7
2020-08-21,Bromley,1611,2
2020-08-20,Bromley,1609,8
2020-08-19,Bromley,1601,7
2020-08-18,Bromley,1594,2
2020-08-17,Bromley,1592,7
2020-08-16,Bromley,1585,4
2020-08-15,Bromley,1581,2
2020-08-14,Bromley,1579,2
2020-08-13,Bromley,1577,1
2020-08-12,Bromley,1576,5
2020-08-11,Bromley,1571,8
2020-08-10,Bromley,1563,5
2020-08-09,Bromley,1558,1
2020-08-08,Bromley,1557,0
2020-08-07,Bromley,1557,5
2020-08-06,Bromley,1552,1
2020-08-05,Bromley,1551,6
2020-08-04,Bromley,1545,2
2020-08-03,Bromley,1543,1
2020-08-02,Bromley,1542,1
2020-08-01,Bromley,1541,0
2020-07-31,Bromley,1541,2
2020-07-30,Bromley,1539,2
2020-07-29,Bromley,1537,3
2020-07-28,Bromley,1534,1
2020-07-27,Bromley,1533,2
2020-07-26,Bromley,1531,0
2020-07-25,Bromley,1531,1
2020-07-24,Bromley,1530,0
2020-07-23,Bromley,1530,1
2020-07-22,Bromley,1529,1
2020-07-21,Bromley,1528,0
2020-07-20,Bromley,1528,2
2020-07-19,Bromley,1526,0
2020-07-18,Bromley,1526,1
2020-07-17,Bromley,1525,0
2020-07-16,Bromley,1525,1
2020-07-15,Bromley,1524,2
2020-07-14,Bromley,1522,1
2020-07-13,Bromley,1521,1
2020-07-12,Bromley,1520,0
2020-07-11,Bromley,1520,0
2020-07-10,Bromley,1520,1
2020-07-09,Bromley,1519,2
2020-07-08,Bromley,1517,1
2020-07-07,Bromley,1516,2
2020-07-06,Bromley,1514,0
2020-07-05,Bromley,1514,1
2020-07-04,Bromley,1513,1
2020-07-03,Bromley,1512,1
2020-07-02,Bromley,1511,2
2020-07-01,Bromley,1509,0
2020-06-30,Bromley,1509,2
2020-06-29,Bromley,1507,2
2020-06-28,Bromley,1505,0
2020-06-27,Bromley,1505,1
2020-06-26,Bromley,1504,1
2020-06-25,Bromley,1503,0
2020-06-24,Bromley,1503,0
2020-06-23,Bromley,1503,0
2020-06-22,Bromley,1503,0
2020-06-21,Bromley,1503,0
2020-06-20,Bromley,1503,0
2020-06-19,Bromley,1503,1
2020-06-18,Bromley,1502,4
2020-06-17,Bromley,1498,0
2020-06-16,Bromley,1498,1
2020-06-15,Bromley,1497,1
2020-06-14,Bromley,1496,2
2020-06-13,Bromley,1494,1
2020-06-12,Bromley,1493,0
2020-06-11,Bromley,1493,0
2020-06-10,Bromley,1493,1
2020-06-09,Bromley,1492,1
2020-06-08,Bromley,1491,2
2020-06-07,Bromley,1489,1
2020-06-06,Bromley,1488,1
2020-06-05,Bromley,1487,1
2020-06-04,Bromley,1486,2
2020-06-03,Bromley,1484,3
2020-06-02,Bromley,1481,2
2020-06-01,Bromley,1479,2
2020-05-31,Bromley,1477,1
2020-05-30,Bromley,1476,0
2020-05-29,Bromley,1476,1
2020-05-28,Bromley,1475,6
2020-05-27,Bromley,1469,4
2020-05-26,Bromley,1465,0
2020-05-25,Bromley,1465,3
2020-05-24,Bromley,1462,3
2020-05-23,Bromley,1459,1
2020-05-22,Bromley,1458,5
2020-05-21,Bromley,1453,1
2020-05-20,Bromley,1452,4
2020-05-19,Bromley,1448,5
2020-05-18,Bromley,1443,5
2020-05-17,Bromley,1438,2
2020-05-16,Bromley,1436,5
2020-05-15,Bromley,1431,10
2020-05-14,Bromley,1421,7
2020-05-13,Bromley,1414,7
2020-05-12,Bromley,1407,20
2020-05-11,Bromley,1387,7
2020-05-10,Bromley,1380,11
2020-05-09,Bromley,1369,4
2020-05-08,Bromley,1365,24
2020-05-07,Bromley,1341,20
2020-05-06,Bromley,1321,36
2020-05-05,Bromley,1285,14
2020-05-04,Bromley,1271,14
2020-05-03,Bromley,1257,11
2020-05-02,Bromley,1246,15
2020-05-01,Bromley,1231,15
2020-04-30,Bromley,1216,24
2020-04-29,Bromley,1192,35
2020-04-28,Bromley,1157,11
2020-04-27,Bromley,1146,24
2020-04-26,Bromley,1122,13
2020-04-25,Bromley,1109,21
2020-04-24,Bromley,1088,23
2020-04-23,Bromley,1065,38
2020-04-22,Bromley,1027,14
2020-04-21,Bromley,1013,11
2020-04-20,Bromley,1002,19
2020-04-19,Bromley,983,13
2020-04-18,Bromley,970,15
2020-04-17,Bromley,955,26
2020-04-16,Bromley,929,29
2020-04-15,Bromley,900,26
2020-04-14,Bromley,874,22
2020-04-13,Bromley,852,33
2020-04-12,Bromley,819,13
2020-04-11,Bromley,806,25
2020-04-10,Bromley,781,24
2020-04-09,Bromley,757,33
2020-04-08,Bromley,724,47
2020-04-07,Bromley,677,38
2020-04-06,Bromley,639,40
2020-04-05,Bromley,599,28
2020-04-04,Bromley,571,37
2020-04-03,Bromley,534,31
2020-04-02,Bromley,503,39
2020-04-01,Bromley,464,49
2020-03-31,Bromley,415,46
2020-03-30,Bromley,369,39
2020-03-29,Bromley,330,22
2020-03-28,Bromley,308,33
2020-03-27,Bromley,275,30
2020-03-26,Bromley,245,29
2020-03-25,Bromley,216,26
2020-03-24,Bromley,190,30
2020-03-23,Bromley,160,35
2020-03-22,Bromley,125,24
2020-03-21,Bromley,101,16
2020-03-20,Bromley,85,18
2020-03-19,Bromley,67,6
2020-03-18,Bromley,61,13
2020-03-17,Bromley,48,9
2020-03-16,Bromley,39,6
2020-03-15,Bromley,33,7
2020-03-14,Bromley,26,6
2020-03-13,Bromley,20,4
2020-03-12,Bromley,16,6
2020-03-11,Bromley,10,5
2020-03-10,Bromley,5,2
2020-03-09,Bromley,3,1
2020-03-08,Bromley,2,1
2020-03-07,Bromley,1,0
2020-03-06,Bromley,1,0
2020-03-05,Bromley,1,0
2020-03-04,Bromley,1,0
2020-03-03,Bromley,1,0
2020-03-02,Bromley,1,0
2020-03-01,Bromley,1,1
