date,areaName,cumCasesBySpecimenDate,newCasesBySpecimenDate
2021-04-19,Croydon,30821,7
2021-04-18,Croydon,30814,9
2021-04-17,Croydon,30805,4
2021-04-16,Croydon,30801,4
2021-04-15,Croydon,30797,3
2021-04-14,Croydon,30794,9
2021-04-13,Croydon,30785,8
2021-04-12,Croydon,30777,9
2021-04-11,Croydon,30768,4
2021-04-10,Croydon,30764,7
2021-04-09,Croydon,30757,14
2021-04-08,Croydon,30743,11
2021-04-07,Croydon,30732,13
2021-04-06,Croydon,30719,10
2021-04-05,Croydon,30709,5
2021-04-04,Croydon,30704,8
2021-04-03,Croydon,30696,8
2021-04-02,Croydon,30688,7
2021-04-01,Croydon,30681,4
2021-03-31,Croydon,30677,6
2021-03-30,Croydon,30671,7
2021-03-29,Croydon,30664,17
2021-03-28,Croydon,30647,4
2021-03-27,Croydon,30643,12
2021-03-26,Croydon,30631,13
2021-03-25,Croydon,30618,10
2021-03-24,Croydon,30608,14
2021-03-23,Croydon,30594,9
2021-03-22,Croydon,30585,14
2021-03-21,Croydon,30571,11
2021-03-20,Croydon,30560,11
2021-03-19,Croydon,30549,10
2021-03-18,Croydon,30539,10
2021-03-17,Croydon,30529,11
2021-03-16,Croydon,30518,14
2021-03-15,Croydon,30504,16
2021-03-14,Croydon,30488,18
2021-03-13,Croydon,30470,9
2021-03-12,Croydon,30461,26
2021-03-11,Croydon,30435,23
2021-03-10,Croydon,30412,19
2021-03-09,Croydon,30393,20
2021-03-08,Croydon,30373,25
2021-03-07,Croydon,30348,21
2021-03-06,Croydon,30327,13
2021-03-05,Croydon,30314,13
2021-03-04,Croydon,30301,18
2021-03-03,Croydon,30283,15
2021-03-02,Croydon,30268,39
2021-03-01,Croydon,30229,27
2021-02-28,Croydon,30202,21
2021-02-27,Croydon,30181,15
2021-02-26,Croydon,30166,22
2021-02-25,Croydon,30144,48
2021-02-24,Croydon,30096,27
2021-02-23,Croydon,30069,43
2021-02-22,Croydon,30026,38
2021-02-21,Croydon,29988,31
2021-02-20,Croydon,29957,39
2021-02-19,Croydon,29918,57
2021-02-18,Croydon,29861,65
2021-02-17,Croydon,29796,54
2021-02-16,Croydon,29742,59
2021-02-15,Croydon,29683,57
2021-02-14,Croydon,29626,39
2021-02-13,Croydon,29587,34
2021-02-12,Croydon,29553,67
2021-02-11,Croydon,29486,54
2021-02-10,Croydon,29432,66
2021-02-09,Croydon,29366,67
2021-02-08,Croydon,29299,68
2021-02-07,Croydon,29231,65
2021-02-06,Croydon,29166,77
2021-02-05,Croydon,29089,96
2021-02-04,Croydon,28993,129
2021-02-03,Croydon,28864,123
2021-02-02,Croydon,28741,128
2021-02-01,Croydon,28613,141
2021-01-31,Croydon,28472,106
2021-01-30,Croydon,28366,102
2021-01-29,Croydon,28264,150
2021-01-28,Croydon,28114,170
2021-01-27,Croydon,27944,204
2021-01-26,Croydon,27740,198
2021-01-25,Croydon,27542,211
2021-01-24,Croydon,27331,148
2021-01-23,Croydon,27183,165
2021-01-22,Croydon,27018,267
2021-01-21,Croydon,26751,264
2021-01-20,Croydon,26487,343
2021-01-19,Croydon,26144,335
2021-01-18,Croydon,25809,387
2021-01-17,Croydon,25422,244
2021-01-16,Croydon,25178,297
2021-01-15,Croydon,24881,396
2021-01-14,Croydon,24485,454
2021-01-13,Croydon,24031,469
2021-01-12,Croydon,23562,481
2021-01-11,Croydon,23081,561
2021-01-10,Croydon,22520,371
2021-01-09,Croydon,22149,452
2021-01-08,Croydon,21697,531
2021-01-07,Croydon,21166,576
2021-01-06,Croydon,20590,625
2021-01-05,Croydon,19965,627
2021-01-04,Croydon,19338,829
2021-01-03,Croydon,18509,636
2021-01-02,Croydon,17873,588
2021-01-01,Croydon,17285,333
2020-12-31,Croydon,16952,557
2020-12-30,Croydon,16395,849
2020-12-29,Croydon,15546,866
2020-12-28,Croydon,14680,433
2020-12-27,Croydon,14247,568
2020-12-26,Croydon,13679,476
2020-12-25,Croydon,13203,174
2020-12-24,Croydon,13029,464
2020-12-23,Croydon,12565,531
2020-12-22,Croydon,12034,663
2020-12-21,Croydon,11371,557
2020-12-20,Croydon,10814,374
2020-12-19,Croydon,10440,288
2020-12-18,Croydon,10152,447
2020-12-17,Croydon,9705,415
2020-12-16,Croydon,9290,394
2020-12-15,Croydon,8896,371
2020-12-14,Croydon,8525,341
2020-12-13,Croydon,8184,193
2020-12-12,Croydon,7991,231
2020-12-11,Croydon,7760,214
2020-12-10,Croydon,7546,220
2020-12-09,Croydon,7326,162
2020-12-08,Croydon,7164,137
2020-12-07,Croydon,7027,132
2020-12-06,Croydon,6895,90
2020-12-05,Croydon,6805,103
2020-12-04,Croydon,6702,109
2020-12-03,Croydon,6593,91
2020-12-02,Croydon,6502,104
2020-12-01,Croydon,6398,97
2020-11-30,Croydon,6301,108
2020-11-29,Croydon,6193,56
2020-11-28,Croydon,6137,51
2020-11-27,Croydon,6086,103
2020-11-26,Croydon,5983,67
2020-11-25,Croydon,5916,81
2020-11-24,Croydon,5835,81
2020-11-23,Croydon,5754,83
2020-11-22,Croydon,5671,51
2020-11-21,Croydon,5620,59
2020-11-20,Croydon,5561,92
2020-11-19,Croydon,5469,83
2020-11-18,Croydon,5386,103
2020-11-17,Croydon,5283,97
2020-11-16,Croydon,5186,106
2020-11-15,Croydon,5080,70
2020-11-14,Croydon,5010,76
2020-11-13,Croydon,4934,102
2020-11-12,Croydon,4832,88
2020-11-11,Croydon,4744,109
2020-11-10,Croydon,4635,98
2020-11-09,Croydon,4537,93
2020-11-08,Croydon,4444,50
2020-11-07,Croydon,4394,57
2020-11-06,Croydon,4337,76
2020-11-05,Croydon,4261,65
2020-11-04,Croydon,4196,52
2020-11-03,Croydon,4144,68
2020-11-02,Croydon,4076,102
2020-11-01,Croydon,3974,41
2020-10-31,Croydon,3933,42
2020-10-30,Croydon,3891,65
2020-10-29,Croydon,3826,62
2020-10-28,Croydon,3764,78
2020-10-27,Croydon,3686,76
2020-10-26,Croydon,3610,86
2020-10-25,Croydon,3524,43
2020-10-24,Croydon,3481,40
2020-10-23,Croydon,3441,70
2020-10-22,Croydon,3371,71
2020-10-21,Croydon,3300,86
2020-10-20,Croydon,3214,63
2020-10-19,Croydon,3151,59
2020-10-18,Croydon,3092,37
2020-10-17,Croydon,3055,30
2020-10-16,Croydon,3025,51
2020-10-15,Croydon,2974,48
2020-10-14,Croydon,2926,45
2020-10-13,Croydon,2881,31
2020-10-12,Croydon,2850,49
2020-10-11,Croydon,2801,30
2020-10-10,Croydon,2771,26
2020-10-09,Croydon,2745,47
2020-10-08,Croydon,2698,39
2020-10-07,Croydon,2659,30
2020-10-06,Croydon,2629,34
2020-10-05,Croydon,2595,42
2020-10-04,Croydon,2553,24
2020-10-03,Croydon,2529,23
2020-10-02,Croydon,2506,44
2020-10-01,Croydon,2462,30
2020-09-30,Croydon,2432,50
2020-09-29,Croydon,2382,28
2020-09-28,Croydon,2354,27
2020-09-27,Croydon,2327,23
2020-09-26,Croydon,2304,23
2020-09-25,Croydon,2281,23
2020-09-24,Croydon,2258,21
2020-09-23,Croydon,2237,13
2020-09-22,Croydon,2224,12
2020-09-21,Croydon,2212,12
2020-09-20,Croydon,2200,6
2020-09-19,Croydon,2194,5
2020-09-18,Croydon,2189,18
2020-09-17,Croydon,2171,9
2020-09-16,Croydon,2162,8
2020-09-15,Croydon,2154,7
2020-09-14,Croydon,2147,6
2020-09-13,Croydon,2141,4
2020-09-12,Croydon,2137,3
2020-09-11,Croydon,2134,6
2020-09-10,Croydon,2128,12
2020-09-09,Croydon,2116,8
2020-09-08,Croydon,2108,17
2020-09-07,Croydon,2091,11
2020-09-06,Croydon,2080,5
2020-09-05,Croydon,2075,7
2020-09-04,Croydon,2068,15
2020-09-03,Croydon,2053,10
2020-09-02,Croydon,2043,20
2020-09-01,Croydon,2023,13
2020-08-31,Croydon,2010,9
2020-08-30,Croydon,2001,4
2020-08-29,Croydon,1997,5
2020-08-28,Croydon,1992,7
2020-08-27,Croydon,1985,5
2020-08-26,Croydon,1980,3
2020-08-25,Croydon,1977,4
2020-08-24,Croydon,1973,13
2020-08-23,Croydon,1960,2
2020-08-22,Croydon,1958,1
2020-08-21,Croydon,1957,2
2020-08-20,Croydon,1955,6
2020-08-19,Croydon,1949,4
2020-08-18,Croydon,1945,6
2020-08-17,Croydon,1939,11
2020-08-16,Croydon,1928,2
2020-08-15,Croydon,1926,0
2020-08-14,Croydon,1926,4
2020-08-13,Croydon,1922,2
2020-08-12,Croydon,1920,5
2020-08-11,Croydon,1915,2
2020-08-10,Croydon,1913,4
2020-08-09,Croydon,1909,1
2020-08-08,Croydon,1908,2
2020-08-07,Croydon,1906,5
2020-08-06,Croydon,1901,0
2020-08-05,Croydon,1901,1
2020-08-04,Croydon,1900,3
2020-08-03,Croydon,1897,4
2020-08-02,Croydon,1893,0
2020-08-01,Croydon,1893,0
2020-07-31,Croydon,1893,0
2020-07-30,Croydon,1893,2
2020-07-29,Croydon,1891,3
2020-07-28,Croydon,1888,2
2020-07-27,Croydon,1886,4
2020-07-26,Croydon,1882,2
2020-07-25,Croydon,1880,2
2020-07-24,Croydon,1878,1
2020-07-23,Croydon,1877,0
2020-07-22,Croydon,1877,3
2020-07-21,Croydon,1874,1
2020-07-20,Croydon,1873,2
2020-07-19,Croydon,1871,1
2020-07-18,Croydon,1870,0
2020-07-17,Croydon,1870,1
2020-07-16,Croydon,1869,2
2020-07-15,Croydon,1867,2
2020-07-14,Croydon,1865,1
2020-07-13,Croydon,1864,0
2020-07-12,Croydon,1864,1
2020-07-11,Croydon,1863,1
2020-07-10,Croydon,1862,1
2020-07-09,Croydon,1861,2
2020-07-08,Croydon,1859,1
2020-07-07,Croydon,1858,0
2020-07-06,Croydon,1858,7
2020-07-05,Croydon,1851,2
2020-07-04,Croydon,1849,0
2020-07-03,Croydon,1849,1
2020-07-02,Croydon,1848,1
2020-07-01,Croydon,1847,0
2020-06-30,Croydon,1847,2
2020-06-29,Croydon,1845,0
2020-06-28,Croydon,1845,0
2020-06-27,Croydon,1845,0
2020-06-26,Croydon,1845,3
2020-06-25,Croydon,1842,2
2020-06-24,Croydon,1840,4
2020-06-23,Croydon,1836,1
2020-06-22,Croydon,1835,1
2020-06-21,Croydon,1834,1
2020-06-20,Croydon,1833,2
2020-06-19,Croydon,1831,0
2020-06-18,Croydon,1831,2
2020-06-17,Croydon,1829,1
2020-06-16,Croydon,1828,0
2020-06-15,Croydon,1828,0
2020-06-14,Croydon,1828,1
2020-06-13,Croydon,1827,0
2020-06-12,Croydon,1827,0
2020-06-11,Croydon,1827,3
2020-06-10,Croydon,1824,0
2020-06-09,Croydon,1824,3
2020-06-08,Croydon,1821,2
2020-06-07,Croydon,1819,1
2020-06-06,Croydon,1818,2
2020-06-05,Croydon,1816,3
2020-06-04,Croydon,1813,2
2020-06-03,Croydon,1811,2
2020-06-02,Croydon,1809,5
2020-06-01,Croydon,1804,1
2020-05-31,Croydon,1803,1
2020-05-30,Croydon,1802,0
2020-05-29,Croydon,1802,5
2020-05-28,Croydon,1797,1
2020-05-27,Croydon,1796,5
2020-05-26,Croydon,1791,5
2020-05-25,Croydon,1786,6
2020-05-24,Croydon,1780,3
2020-05-23,Croydon,1777,8
2020-05-22,Croydon,1769,3
2020-05-21,Croydon,1766,9
2020-05-20,Croydon,1757,12
2020-05-19,Croydon,1745,6
2020-05-18,Croydon,1739,6
2020-05-17,Croydon,1733,2
2020-05-16,Croydon,1731,9
2020-05-15,Croydon,1722,10
2020-05-14,Croydon,1712,9
2020-05-13,Croydon,1703,8
2020-05-12,Croydon,1695,10
2020-05-11,Croydon,1685,5
2020-05-10,Croydon,1680,3
2020-05-09,Croydon,1677,6
2020-05-08,Croydon,1671,13
2020-05-07,Croydon,1658,9
2020-05-06,Croydon,1649,10
2020-05-05,Croydon,1639,8
2020-05-04,Croydon,1631,15
2020-05-03,Croydon,1616,7
2020-05-02,Croydon,1609,19
2020-05-01,Croydon,1590,19
2020-04-30,Croydon,1571,25
2020-04-29,Croydon,1546,18
2020-04-28,Croydon,1528,32
2020-04-27,Croydon,1496,35
2020-04-26,Croydon,1461,22
2020-04-25,Croydon,1439,15
2020-04-24,Croydon,1424,24
2020-04-23,Croydon,1400,33
2020-04-22,Croydon,1367,28
2020-04-21,Croydon,1339,24
2020-04-20,Croydon,1315,25
2020-04-19,Croydon,1290,14
2020-04-18,Croydon,1276,32
2020-04-17,Croydon,1244,34
2020-04-16,Croydon,1210,33
2020-04-15,Croydon,1177,43
2020-04-14,Croydon,1134,51
2020-04-13,Croydon,1083,26
2020-04-12,Croydon,1057,32
2020-04-11,Croydon,1025,23
2020-04-10,Croydon,1002,25
2020-04-09,Croydon,977,44
2020-04-08,Croydon,933,58
2020-04-07,Croydon,875,46
2020-04-06,Croydon,829,42
2020-04-05,Croydon,787,35
2020-04-04,Croydon,752,49
2020-04-03,Croydon,703,49
2020-04-02,Croydon,654,82
2020-04-01,Croydon,572,56
2020-03-31,Croydon,516,47
2020-03-30,Croydon,469,56
2020-03-29,Croydon,413,26
2020-03-28,Croydon,387,22
2020-03-27,Croydon,365,42
2020-03-26,Croydon,323,44
2020-03-25,Croydon,279,44
2020-03-24,Croydon,235,27
2020-03-23,Croydon,208,36
2020-03-22,Croydon,172,24
2020-03-21,Croydon,148,25
2020-03-20,Croydon,123,25
2020-03-19,Croydon,98,9
2020-03-18,Croydon,89,15
2020-03-17,Croydon,74,21
2020-03-16,Croydon,53,13
2020-03-15,Croydon,40,7
2020-03-14,Croydon,33,14
2020-03-13,Croydon,19,4
2020-03-12,Croydon,15,8
2020-03-11,Croydon,7,5
2020-03-10,Croydon,2,0
2020-03-09,Croydon,2,1
2020-03-08,Croydon,1,0
2020-03-07,Croydon,1,1
