date,areaName,cumCasesBySpecimenDate,newCasesBySpecimenDate
2021-04-19,Ealing,30994,4
2021-04-18,Ealing,30990,16
2021-04-17,Ealing,30974,11
2021-04-16,Ealing,30963,13
2021-04-15,Ealing,30950,15
2021-04-14,Ealing,30935,8
2021-04-13,Ealing,30927,8
2021-04-12,Ealing,30919,25
2021-04-11,Ealing,30894,17
2021-04-10,Ealing,30877,9
2021-04-09,Ealing,30868,16
2021-04-08,Ealing,30852,16
2021-04-07,Ealing,30836,24
2021-04-06,Ealing,30812,15
2021-04-05,Ealing,30797,21
2021-04-04,Ealing,30776,6
2021-04-03,Ealing,30770,11
2021-04-02,Ealing,30759,14
2021-04-01,Ealing,30745,15
2021-03-31,Ealing,30730,19
2021-03-30,Ealing,30711,25
2021-03-29,Ealing,30686,17
2021-03-28,Ealing,30669,28
2021-03-27,Ealing,30641,23
2021-03-26,Ealing,30618,26
2021-03-25,Ealing,30592,25
2021-03-24,Ealing,30567,25
2021-03-23,Ealing,30542,22
2021-03-22,Ealing,30520,25
2021-03-21,Ealing,30495,31
2021-03-20,Ealing,30464,32
2021-03-19,Ealing,30432,25
2021-03-18,Ealing,30407,32
2021-03-17,Ealing,30375,21
2021-03-16,Ealing,30354,28
2021-03-15,Ealing,30326,55
2021-03-14,Ealing,30271,20
2021-03-13,Ealing,30251,24
2021-03-12,Ealing,30227,27
2021-03-11,Ealing,30200,18
2021-03-10,Ealing,30182,32
2021-03-09,Ealing,30150,57
2021-03-08,Ealing,30093,44
2021-03-07,Ealing,30049,38
2021-03-06,Ealing,30011,26
2021-03-05,Ealing,29985,27
2021-03-04,Ealing,29958,37
2021-03-03,Ealing,29921,40
2021-03-02,Ealing,29881,39
2021-03-01,Ealing,29842,44
2021-02-28,Ealing,29798,30
2021-02-27,Ealing,29768,34
2021-02-26,Ealing,29734,33
2021-02-25,Ealing,29701,39
2021-02-24,Ealing,29662,63
2021-02-23,Ealing,29599,81
2021-02-22,Ealing,29518,63
2021-02-21,Ealing,29455,55
2021-02-20,Ealing,29400,48
2021-02-19,Ealing,29352,72
2021-02-18,Ealing,29280,49
2021-02-17,Ealing,29231,76
2021-02-16,Ealing,29155,52
2021-02-15,Ealing,29103,91
2021-02-14,Ealing,29012,63
2021-02-13,Ealing,28949,58
2021-02-12,Ealing,28891,75
2021-02-11,Ealing,28816,97
2021-02-10,Ealing,28719,91
2021-02-09,Ealing,28628,121
2021-02-08,Ealing,28507,112
2021-02-07,Ealing,28395,86
2021-02-06,Ealing,28309,99
2021-02-05,Ealing,28210,129
2021-02-04,Ealing,28081,142
2021-02-03,Ealing,27939,164
2021-02-02,Ealing,27775,184
2021-02-01,Ealing,27591,206
2021-01-31,Ealing,27385,136
2021-01-30,Ealing,27249,167
2021-01-29,Ealing,27082,208
2021-01-28,Ealing,26874,213
2021-01-27,Ealing,26661,210
2021-01-26,Ealing,26451,204
2021-01-25,Ealing,26247,266
2021-01-24,Ealing,25981,186
2021-01-23,Ealing,25795,219
2021-01-22,Ealing,25576,314
2021-01-21,Ealing,25262,316
2021-01-20,Ealing,24946,306
2021-01-19,Ealing,24640,376
2021-01-18,Ealing,24264,450
2021-01-17,Ealing,23814,299
2021-01-16,Ealing,23515,351
2021-01-15,Ealing,23164,419
2021-01-14,Ealing,22745,449
2021-01-13,Ealing,22296,414
2021-01-12,Ealing,21882,509
2021-01-11,Ealing,21373,516
2021-01-10,Ealing,20857,407
2021-01-09,Ealing,20450,422
2021-01-08,Ealing,20028,475
2021-01-07,Ealing,19553,543
2021-01-06,Ealing,19010,592
2021-01-05,Ealing,18418,613
2021-01-04,Ealing,17805,652
2021-01-03,Ealing,17153,482
2021-01-02,Ealing,16671,569
2021-01-01,Ealing,16102,263
2020-12-31,Ealing,15839,481
2020-12-30,Ealing,15358,624
2020-12-29,Ealing,14734,665
2020-12-28,Ealing,14069,304
2020-12-27,Ealing,13765,411
2020-12-26,Ealing,13354,392
2020-12-25,Ealing,12962,171
2020-12-24,Ealing,12791,335
2020-12-23,Ealing,12456,412
2020-12-22,Ealing,12044,414
2020-12-21,Ealing,11630,380
2020-12-20,Ealing,11250,259
2020-12-19,Ealing,10991,191
2020-12-18,Ealing,10800,328
2020-12-17,Ealing,10472,287
2020-12-16,Ealing,10185,264
2020-12-15,Ealing,9921,258
2020-12-14,Ealing,9663,217
2020-12-13,Ealing,9446,138
2020-12-12,Ealing,9308,125
2020-12-11,Ealing,9183,170
2020-12-10,Ealing,9013,127
2020-12-09,Ealing,8886,112
2020-12-08,Ealing,8774,97
2020-12-07,Ealing,8677,105
2020-12-06,Ealing,8572,78
2020-12-05,Ealing,8494,67
2020-12-04,Ealing,8427,89
2020-12-03,Ealing,8338,82
2020-12-02,Ealing,8256,99
2020-12-01,Ealing,8157,89
2020-11-30,Ealing,8068,97
2020-11-29,Ealing,7971,52
2020-11-28,Ealing,7919,70
2020-11-27,Ealing,7849,80
2020-11-26,Ealing,7769,69
2020-11-25,Ealing,7700,108
2020-11-24,Ealing,7592,95
2020-11-23,Ealing,7497,120
2020-11-22,Ealing,7377,67
2020-11-21,Ealing,7310,67
2020-11-20,Ealing,7243,103
2020-11-19,Ealing,7140,100
2020-11-18,Ealing,7040,109
2020-11-17,Ealing,6931,90
2020-11-16,Ealing,6841,147
2020-11-15,Ealing,6694,81
2020-11-14,Ealing,6613,106
2020-11-13,Ealing,6507,143
2020-11-12,Ealing,6364,149
2020-11-11,Ealing,6215,137
2020-11-10,Ealing,6078,127
2020-11-09,Ealing,5951,145
2020-11-08,Ealing,5806,116
2020-11-07,Ealing,5690,70
2020-11-06,Ealing,5620,110
2020-11-05,Ealing,5510,103
2020-11-04,Ealing,5407,119
2020-11-03,Ealing,5288,118
2020-11-02,Ealing,5170,173
2020-11-01,Ealing,4997,52
2020-10-31,Ealing,4945,75
2020-10-30,Ealing,4870,87
2020-10-29,Ealing,4783,120
2020-10-28,Ealing,4663,93
2020-10-27,Ealing,4570,102
2020-10-26,Ealing,4468,130
2020-10-25,Ealing,4338,74
2020-10-24,Ealing,4264,77
2020-10-23,Ealing,4187,107
2020-10-22,Ealing,4080,148
2020-10-21,Ealing,3932,128
2020-10-20,Ealing,3804,131
2020-10-19,Ealing,3673,150
2020-10-18,Ealing,3523,67
2020-10-17,Ealing,3456,57
2020-10-16,Ealing,3399,82
2020-10-15,Ealing,3317,84
2020-10-14,Ealing,3233,83
2020-10-13,Ealing,3150,71
2020-10-12,Ealing,3079,76
2020-10-11,Ealing,3003,40
2020-10-10,Ealing,2963,49
2020-10-09,Ealing,2914,79
2020-10-08,Ealing,2835,68
2020-10-07,Ealing,2767,81
2020-10-06,Ealing,2686,57
2020-10-05,Ealing,2629,77
2020-10-04,Ealing,2552,55
2020-10-03,Ealing,2497,41
2020-10-02,Ealing,2456,32
2020-10-01,Ealing,2424,65
2020-09-30,Ealing,2359,30
2020-09-29,Ealing,2329,35
2020-09-28,Ealing,2294,40
2020-09-27,Ealing,2254,29
2020-09-26,Ealing,2225,27
2020-09-25,Ealing,2198,30
2020-09-24,Ealing,2168,20
2020-09-23,Ealing,2148,25
2020-09-22,Ealing,2123,28
2020-09-21,Ealing,2095,17
2020-09-20,Ealing,2078,19
2020-09-19,Ealing,2059,12
2020-09-18,Ealing,2047,19
2020-09-17,Ealing,2028,6
2020-09-16,Ealing,2022,13
2020-09-15,Ealing,2009,3
2020-09-14,Ealing,2006,15
2020-09-13,Ealing,1991,4
2020-09-12,Ealing,1987,13
2020-09-11,Ealing,1974,10
2020-09-10,Ealing,1964,12
2020-09-09,Ealing,1952,14
2020-09-08,Ealing,1938,19
2020-09-07,Ealing,1919,23
2020-09-06,Ealing,1896,6
2020-09-05,Ealing,1890,13
2020-09-04,Ealing,1877,11
2020-09-03,Ealing,1866,8
2020-09-02,Ealing,1858,12
2020-09-01,Ealing,1846,8
2020-08-31,Ealing,1838,11
2020-08-30,Ealing,1827,8
2020-08-29,Ealing,1819,5
2020-08-28,Ealing,1814,3
2020-08-27,Ealing,1811,8
2020-08-26,Ealing,1803,7
2020-08-25,Ealing,1796,6
2020-08-24,Ealing,1790,8
2020-08-23,Ealing,1782,11
2020-08-22,Ealing,1771,9
2020-08-21,Ealing,1762,8
2020-08-20,Ealing,1754,8
2020-08-19,Ealing,1746,7
2020-08-18,Ealing,1739,14
2020-08-17,Ealing,1725,14
2020-08-16,Ealing,1711,3
2020-08-15,Ealing,1708,10
2020-08-14,Ealing,1698,7
2020-08-13,Ealing,1691,6
2020-08-12,Ealing,1685,4
2020-08-11,Ealing,1681,4
2020-08-10,Ealing,1677,6
2020-08-09,Ealing,1671,5
2020-08-08,Ealing,1666,2
2020-08-07,Ealing,1664,7
2020-08-06,Ealing,1657,3
2020-08-05,Ealing,1654,10
2020-08-04,Ealing,1644,3
2020-08-03,Ealing,1641,7
2020-08-02,Ealing,1634,7
2020-08-01,Ealing,1627,5
2020-07-31,Ealing,1622,3
2020-07-30,Ealing,1619,2
2020-07-29,Ealing,1617,3
2020-07-28,Ealing,1614,5
2020-07-27,Ealing,1609,4
2020-07-26,Ealing,1605,1
2020-07-25,Ealing,1604,1
2020-07-24,Ealing,1603,3
2020-07-23,Ealing,1600,2
2020-07-22,Ealing,1598,6
2020-07-21,Ealing,1592,0
2020-07-20,Ealing,1592,9
2020-07-19,Ealing,1583,2
2020-07-18,Ealing,1581,2
2020-07-17,Ealing,1579,3
2020-07-16,Ealing,1576,0
2020-07-15,Ealing,1576,2
2020-07-14,Ealing,1574,2
2020-07-13,Ealing,1572,2
2020-07-12,Ealing,1570,2
2020-07-11,Ealing,1568,1
2020-07-10,Ealing,1567,2
2020-07-09,Ealing,1565,2
2020-07-08,Ealing,1563,1
2020-07-07,Ealing,1562,1
2020-07-06,Ealing,1561,0
2020-07-05,Ealing,1561,3
2020-07-04,Ealing,1558,1
2020-07-03,Ealing,1557,3
2020-07-02,Ealing,1554,2
2020-07-01,Ealing,1552,3
2020-06-30,Ealing,1549,0
2020-06-29,Ealing,1549,7
2020-06-28,Ealing,1542,2
2020-06-27,Ealing,1540,2
2020-06-26,Ealing,1538,1
2020-06-25,Ealing,1537,3
2020-06-24,Ealing,1534,6
2020-06-23,Ealing,1528,6
2020-06-22,Ealing,1522,2
2020-06-21,Ealing,1520,1
2020-06-20,Ealing,1519,5
2020-06-19,Ealing,1514,3
2020-06-18,Ealing,1511,2
2020-06-17,Ealing,1509,1
2020-06-16,Ealing,1508,3
2020-06-15,Ealing,1505,0
2020-06-14,Ealing,1505,1
2020-06-13,Ealing,1504,1
2020-06-12,Ealing,1503,4
2020-06-11,Ealing,1499,0
2020-06-10,Ealing,1499,1
2020-06-09,Ealing,1498,7
2020-06-08,Ealing,1491,2
2020-06-07,Ealing,1489,1
2020-06-06,Ealing,1488,3
2020-06-05,Ealing,1485,4
2020-06-04,Ealing,1481,4
2020-06-03,Ealing,1477,5
2020-06-02,Ealing,1472,2
2020-06-01,Ealing,1470,4
2020-05-31,Ealing,1466,2
2020-05-30,Ealing,1464,4
2020-05-29,Ealing,1460,4
2020-05-28,Ealing,1456,8
2020-05-27,Ealing,1448,5
2020-05-26,Ealing,1443,4
2020-05-25,Ealing,1439,5
2020-05-24,Ealing,1434,2
2020-05-23,Ealing,1432,2
2020-05-22,Ealing,1430,12
2020-05-21,Ealing,1418,4
2020-05-20,Ealing,1414,10
2020-05-19,Ealing,1404,4
2020-05-18,Ealing,1400,4
2020-05-17,Ealing,1396,2
2020-05-16,Ealing,1394,1
2020-05-15,Ealing,1393,11
2020-05-14,Ealing,1382,19
2020-05-13,Ealing,1363,24
2020-05-12,Ealing,1339,11
2020-05-11,Ealing,1328,10
2020-05-10,Ealing,1318,2
2020-05-09,Ealing,1316,5
2020-05-08,Ealing,1311,15
2020-05-07,Ealing,1296,19
2020-05-06,Ealing,1277,12
2020-05-05,Ealing,1265,7
2020-05-04,Ealing,1258,12
2020-05-03,Ealing,1246,7
2020-05-02,Ealing,1239,21
2020-05-01,Ealing,1218,18
2020-04-30,Ealing,1200,20
2020-04-29,Ealing,1180,23
2020-04-28,Ealing,1157,16
2020-04-27,Ealing,1141,19
2020-04-26,Ealing,1122,18
2020-04-25,Ealing,1104,16
2020-04-24,Ealing,1088,22
2020-04-23,Ealing,1066,17
2020-04-22,Ealing,1049,15
2020-04-21,Ealing,1034,21
2020-04-20,Ealing,1013,24
2020-04-19,Ealing,989,17
2020-04-18,Ealing,972,19
2020-04-17,Ealing,953,22
2020-04-16,Ealing,931,25
2020-04-15,Ealing,906,44
2020-04-14,Ealing,862,27
2020-04-13,Ealing,835,35
2020-04-12,Ealing,800,28
2020-04-11,Ealing,772,26
2020-04-10,Ealing,746,46
2020-04-09,Ealing,700,30
2020-04-08,Ealing,670,36
2020-04-07,Ealing,634,44
2020-04-06,Ealing,590,30
2020-04-05,Ealing,560,14
2020-04-04,Ealing,546,26
2020-04-03,Ealing,520,32
2020-04-02,Ealing,488,44
2020-04-01,Ealing,444,25
2020-03-31,Ealing,419,40
2020-03-30,Ealing,379,30
2020-03-29,Ealing,349,25
2020-03-28,Ealing,324,20
2020-03-27,Ealing,304,34
2020-03-26,Ealing,270,29
2020-03-25,Ealing,241,36
2020-03-24,Ealing,205,33
2020-03-23,Ealing,172,29
2020-03-22,Ealing,143,18
2020-03-21,Ealing,125,12
2020-03-20,Ealing,113,16
2020-03-19,Ealing,97,18
2020-03-18,Ealing,79,18
2020-03-17,Ealing,61,9
2020-03-16,Ealing,52,14
2020-03-15,Ealing,38,8
2020-03-14,Ealing,30,2
2020-03-13,Ealing,28,3
2020-03-12,Ealing,25,3
2020-03-11,Ealing,22,10
2020-03-10,Ealing,12,5
2020-03-09,Ealing,7,0
2020-03-08,Ealing,7,1
2020-03-07,Ealing,6,1
2020-03-06,Ealing,5,0
2020-03-05,Ealing,5,1
2020-03-04,Ealing,4,1
2020-03-03,Ealing,3,1
2020-03-02,Ealing,2,1
2020-03-01,Ealing,1,0
2020-02-29,Ealing,1,0
2020-02-28,Ealing,1,0
2020-02-27,Ealing,1,0
2020-02-26,Ealing,1,0
2020-02-25,Ealing,1,1
