date,areaName,cumCasesBySpecimenDate,newCasesBySpecimenDate
2021-04-19,Hammersmith and Fulham,12967,4
2021-04-18,Hammersmith and Fulham,12963,8
2021-04-17,Hammersmith and Fulham,12955,6
2021-04-16,Hammersmith and Fulham,12949,11
2021-04-15,Hammersmith and Fulham,12938,9
2021-04-14,Hammersmith and Fulham,12929,7
2021-04-13,Hammersmith and Fulham,12922,4
2021-04-12,Hammersmith and Fulham,12918,11
2021-04-11,Hammersmith and Fulham,12907,8
2021-04-10,Hammersmith and Fulham,12899,6
2021-04-09,Hammersmith and Fulham,12893,4
2021-04-08,Hammersmith and Fulham,12889,10
2021-04-07,Hammersmith and Fulham,12879,6
2021-04-06,Hammersmith and Fulham,12873,5
2021-04-05,Hammersmith and Fulham,12868,4
2021-04-04,Hammersmith and Fulham,12864,1
2021-04-03,Hammersmith and Fulham,12863,2
2021-04-02,Hammersmith and Fulham,12861,7
2021-04-01,Hammersmith and Fulham,12854,7
2021-03-31,Hammersmith and Fulham,12847,2
2021-03-30,Hammersmith and Fulham,12845,7
2021-03-29,Hammersmith and Fulham,12838,8
2021-03-28,Hammersmith and Fulham,12830,13
2021-03-27,Hammersmith and Fulham,12817,3
2021-03-26,Hammersmith and Fulham,12814,13
2021-03-25,Hammersmith and Fulham,12801,14
2021-03-24,Hammersmith and Fulham,12787,19
2021-03-23,Hammersmith and Fulham,12768,13
2021-03-22,Hammersmith and Fulham,12755,9
2021-03-21,Hammersmith and Fulham,12746,16
2021-03-20,Hammersmith and Fulham,12730,4
2021-03-19,Hammersmith and Fulham,12726,8
2021-03-18,Hammersmith and Fulham,12718,10
2021-03-17,Hammersmith and Fulham,12708,8
2021-03-16,Hammersmith and Fulham,12700,8
2021-03-15,Hammersmith and Fulham,12692,12
2021-03-14,Hammersmith and Fulham,12680,6
2021-03-13,Hammersmith and Fulham,12674,4
2021-03-12,Hammersmith and Fulham,12670,11
2021-03-11,Hammersmith and Fulham,12659,11
2021-03-10,Hammersmith and Fulham,12648,8
2021-03-09,Hammersmith and Fulham,12640,10
2021-03-08,Hammersmith and Fulham,12630,14
2021-03-07,Hammersmith and Fulham,12616,8
2021-03-06,Hammersmith and Fulham,12608,6
2021-03-05,Hammersmith and Fulham,12602,6
2021-03-04,Hammersmith and Fulham,12596,13
2021-03-03,Hammersmith and Fulham,12583,8
2021-03-02,Hammersmith and Fulham,12575,15
2021-03-01,Hammersmith and Fulham,12560,8
2021-02-28,Hammersmith and Fulham,12552,7
2021-02-27,Hammersmith and Fulham,12545,14
2021-02-26,Hammersmith and Fulham,12531,26
2021-02-25,Hammersmith and Fulham,12505,14
2021-02-24,Hammersmith and Fulham,12491,19
2021-02-23,Hammersmith and Fulham,12472,27
2021-02-22,Hammersmith and Fulham,12445,17
2021-02-21,Hammersmith and Fulham,12428,14
2021-02-20,Hammersmith and Fulham,12414,21
2021-02-19,Hammersmith and Fulham,12393,28
2021-02-18,Hammersmith and Fulham,12365,42
2021-02-17,Hammersmith and Fulham,12323,32
2021-02-16,Hammersmith and Fulham,12291,24
2021-02-15,Hammersmith and Fulham,12267,27
2021-02-14,Hammersmith and Fulham,12240,14
2021-02-13,Hammersmith and Fulham,12226,21
2021-02-12,Hammersmith and Fulham,12205,23
2021-02-11,Hammersmith and Fulham,12182,39
2021-02-10,Hammersmith and Fulham,12143,47
2021-02-09,Hammersmith and Fulham,12096,55
2021-02-08,Hammersmith and Fulham,12041,39
2021-02-07,Hammersmith and Fulham,12002,27
2021-02-06,Hammersmith and Fulham,11975,40
2021-02-05,Hammersmith and Fulham,11935,48
2021-02-04,Hammersmith and Fulham,11887,51
2021-02-03,Hammersmith and Fulham,11836,70
2021-02-02,Hammersmith and Fulham,11766,56
2021-02-01,Hammersmith and Fulham,11710,83
2021-01-31,Hammersmith and Fulham,11627,47
2021-01-30,Hammersmith and Fulham,11580,53
2021-01-29,Hammersmith and Fulham,11527,69
2021-01-28,Hammersmith and Fulham,11458,80
2021-01-27,Hammersmith and Fulham,11378,108
2021-01-26,Hammersmith and Fulham,11270,111
2021-01-25,Hammersmith and Fulham,11159,90
2021-01-24,Hammersmith and Fulham,11069,65
2021-01-23,Hammersmith and Fulham,11004,73
2021-01-22,Hammersmith and Fulham,10931,87
2021-01-21,Hammersmith and Fulham,10844,109
2021-01-20,Hammersmith and Fulham,10735,100
2021-01-19,Hammersmith and Fulham,10635,110
2021-01-18,Hammersmith and Fulham,10525,134
2021-01-17,Hammersmith and Fulham,10391,113
2021-01-16,Hammersmith and Fulham,10278,101
2021-01-15,Hammersmith and Fulham,10177,149
2021-01-14,Hammersmith and Fulham,10028,148
2021-01-13,Hammersmith and Fulham,9880,192
2021-01-12,Hammersmith and Fulham,9688,148
2021-01-11,Hammersmith and Fulham,9540,186
2021-01-10,Hammersmith and Fulham,9354,136
2021-01-09,Hammersmith and Fulham,9218,122
2021-01-08,Hammersmith and Fulham,9096,152
2021-01-07,Hammersmith and Fulham,8944,230
2021-01-06,Hammersmith and Fulham,8714,171
2021-01-05,Hammersmith and Fulham,8543,228
2021-01-04,Hammersmith and Fulham,8315,270
2021-01-03,Hammersmith and Fulham,8045,194
2021-01-02,Hammersmith and Fulham,7851,216
2021-01-01,Hammersmith and Fulham,7635,80
2020-12-31,Hammersmith and Fulham,7555,183
2020-12-30,Hammersmith and Fulham,7372,295
2020-12-29,Hammersmith and Fulham,7077,295
2020-12-28,Hammersmith and Fulham,6782,187
2020-12-27,Hammersmith and Fulham,6595,186
2020-12-26,Hammersmith and Fulham,6409,158
2020-12-25,Hammersmith and Fulham,6251,55
2020-12-24,Hammersmith and Fulham,6196,125
2020-12-23,Hammersmith and Fulham,6071,191
2020-12-22,Hammersmith and Fulham,5880,234
2020-12-21,Hammersmith and Fulham,5646,218
2020-12-20,Hammersmith and Fulham,5428,142
2020-12-19,Hammersmith and Fulham,5286,135
2020-12-18,Hammersmith and Fulham,5151,162
2020-12-17,Hammersmith and Fulham,4989,166
2020-12-16,Hammersmith and Fulham,4823,160
2020-12-15,Hammersmith and Fulham,4663,127
2020-12-14,Hammersmith and Fulham,4536,140
2020-12-13,Hammersmith and Fulham,4396,80
2020-12-12,Hammersmith and Fulham,4316,53
2020-12-11,Hammersmith and Fulham,4263,75
2020-12-10,Hammersmith and Fulham,4188,62
2020-12-09,Hammersmith and Fulham,4126,59
2020-12-08,Hammersmith and Fulham,4067,61
2020-12-07,Hammersmith and Fulham,4006,53
2020-12-06,Hammersmith and Fulham,3953,28
2020-12-05,Hammersmith and Fulham,3925,27
2020-12-04,Hammersmith and Fulham,3898,35
2020-12-03,Hammersmith and Fulham,3863,22
2020-12-02,Hammersmith and Fulham,3841,32
2020-12-01,Hammersmith and Fulham,3809,27
2020-11-30,Hammersmith and Fulham,3782,33
2020-11-29,Hammersmith and Fulham,3749,16
2020-11-28,Hammersmith and Fulham,3733,21
2020-11-27,Hammersmith and Fulham,3712,25
2020-11-26,Hammersmith and Fulham,3687,32
2020-11-25,Hammersmith and Fulham,3655,28
2020-11-24,Hammersmith and Fulham,3627,33
2020-11-23,Hammersmith and Fulham,3594,31
2020-11-22,Hammersmith and Fulham,3563,22
2020-11-21,Hammersmith and Fulham,3541,24
2020-11-20,Hammersmith and Fulham,3517,42
2020-11-19,Hammersmith and Fulham,3475,47
2020-11-18,Hammersmith and Fulham,3428,48
2020-11-17,Hammersmith and Fulham,3380,43
2020-11-16,Hammersmith and Fulham,3337,52
2020-11-15,Hammersmith and Fulham,3285,34
2020-11-14,Hammersmith and Fulham,3251,32
2020-11-13,Hammersmith and Fulham,3219,77
2020-11-12,Hammersmith and Fulham,3142,46
2020-11-11,Hammersmith and Fulham,3096,75
2020-11-10,Hammersmith and Fulham,3021,66
2020-11-09,Hammersmith and Fulham,2955,69
2020-11-08,Hammersmith and Fulham,2886,33
2020-11-07,Hammersmith and Fulham,2853,37
2020-11-06,Hammersmith and Fulham,2816,40
2020-11-05,Hammersmith and Fulham,2776,42
2020-11-04,Hammersmith and Fulham,2734,44
2020-11-03,Hammersmith and Fulham,2690,49
2020-11-02,Hammersmith and Fulham,2641,66
2020-11-01,Hammersmith and Fulham,2575,28
2020-10-31,Hammersmith and Fulham,2547,33
2020-10-30,Hammersmith and Fulham,2514,40
2020-10-29,Hammersmith and Fulham,2474,48
2020-10-28,Hammersmith and Fulham,2426,76
2020-10-27,Hammersmith and Fulham,2350,57
2020-10-26,Hammersmith and Fulham,2293,74
2020-10-25,Hammersmith and Fulham,2219,40
2020-10-24,Hammersmith and Fulham,2179,40
2020-10-23,Hammersmith and Fulham,2139,61
2020-10-22,Hammersmith and Fulham,2078,69
2020-10-21,Hammersmith and Fulham,2009,65
2020-10-20,Hammersmith and Fulham,1944,73
2020-10-19,Hammersmith and Fulham,1871,66
2020-10-18,Hammersmith and Fulham,1805,33
2020-10-17,Hammersmith and Fulham,1772,39
2020-10-16,Hammersmith and Fulham,1733,52
2020-10-15,Hammersmith and Fulham,1681,54
2020-10-14,Hammersmith and Fulham,1627,45
2020-10-13,Hammersmith and Fulham,1582,44
2020-10-12,Hammersmith and Fulham,1538,38
2020-10-11,Hammersmith and Fulham,1500,14
2020-10-10,Hammersmith and Fulham,1486,35
2020-10-09,Hammersmith and Fulham,1451,30
2020-10-08,Hammersmith and Fulham,1421,39
2020-10-07,Hammersmith and Fulham,1382,29
2020-10-06,Hammersmith and Fulham,1353,32
2020-10-05,Hammersmith and Fulham,1321,25
2020-10-04,Hammersmith and Fulham,1296,16
2020-10-03,Hammersmith and Fulham,1280,20
2020-10-02,Hammersmith and Fulham,1260,19
2020-10-01,Hammersmith and Fulham,1241,30
2020-09-30,Hammersmith and Fulham,1211,27
2020-09-29,Hammersmith and Fulham,1184,13
2020-09-28,Hammersmith and Fulham,1171,16
2020-09-27,Hammersmith and Fulham,1155,6
2020-09-26,Hammersmith and Fulham,1149,19
2020-09-25,Hammersmith and Fulham,1130,11
2020-09-24,Hammersmith and Fulham,1119,18
2020-09-23,Hammersmith and Fulham,1101,15
2020-09-22,Hammersmith and Fulham,1086,12
2020-09-21,Hammersmith and Fulham,1074,5
2020-09-20,Hammersmith and Fulham,1069,1
2020-09-19,Hammersmith and Fulham,1068,7
2020-09-18,Hammersmith and Fulham,1061,9
2020-09-17,Hammersmith and Fulham,1052,4
2020-09-16,Hammersmith and Fulham,1048,8
2020-09-15,Hammersmith and Fulham,1040,5
2020-09-14,Hammersmith and Fulham,1035,6
2020-09-13,Hammersmith and Fulham,1029,5
2020-09-12,Hammersmith and Fulham,1024,10
2020-09-11,Hammersmith and Fulham,1014,5
2020-09-10,Hammersmith and Fulham,1009,8
2020-09-09,Hammersmith and Fulham,1001,6
2020-09-08,Hammersmith and Fulham,995,8
2020-09-07,Hammersmith and Fulham,987,9
2020-09-06,Hammersmith and Fulham,978,2
2020-09-05,Hammersmith and Fulham,976,9
2020-09-04,Hammersmith and Fulham,967,10
2020-09-03,Hammersmith and Fulham,957,9
2020-09-02,Hammersmith and Fulham,948,8
2020-09-01,Hammersmith and Fulham,940,13
2020-08-31,Hammersmith and Fulham,927,5
2020-08-30,Hammersmith and Fulham,922,6
2020-08-29,Hammersmith and Fulham,916,5
2020-08-28,Hammersmith and Fulham,911,8
2020-08-27,Hammersmith and Fulham,903,6
2020-08-26,Hammersmith and Fulham,897,5
2020-08-25,Hammersmith and Fulham,892,5
2020-08-24,Hammersmith and Fulham,887,7
2020-08-23,Hammersmith and Fulham,880,4
2020-08-22,Hammersmith and Fulham,876,7
2020-08-21,Hammersmith and Fulham,869,3
2020-08-20,Hammersmith and Fulham,866,11
2020-08-19,Hammersmith and Fulham,855,1
2020-08-18,Hammersmith and Fulham,854,2
2020-08-17,Hammersmith and Fulham,852,7
2020-08-16,Hammersmith and Fulham,845,0
2020-08-15,Hammersmith and Fulham,845,4
2020-08-14,Hammersmith and Fulham,841,6
2020-08-13,Hammersmith and Fulham,835,5
2020-08-12,Hammersmith and Fulham,830,6
2020-08-11,Hammersmith and Fulham,824,4
2020-08-10,Hammersmith and Fulham,820,4
2020-08-09,Hammersmith and Fulham,816,0
2020-08-08,Hammersmith and Fulham,816,3
2020-08-07,Hammersmith and Fulham,813,7
2020-08-06,Hammersmith and Fulham,806,2
2020-08-05,Hammersmith and Fulham,804,4
2020-08-04,Hammersmith and Fulham,800,4
2020-08-03,Hammersmith and Fulham,796,1
2020-08-02,Hammersmith and Fulham,795,0
2020-08-01,Hammersmith and Fulham,795,4
2020-07-31,Hammersmith and Fulham,791,4
2020-07-30,Hammersmith and Fulham,787,3
2020-07-29,Hammersmith and Fulham,784,1
2020-07-28,Hammersmith and Fulham,783,0
2020-07-27,Hammersmith and Fulham,783,3
2020-07-26,Hammersmith and Fulham,780,2
2020-07-25,Hammersmith and Fulham,778,1
2020-07-24,Hammersmith and Fulham,777,5
2020-07-23,Hammersmith and Fulham,772,1
2020-07-22,Hammersmith and Fulham,771,4
2020-07-21,Hammersmith and Fulham,767,1
2020-07-20,Hammersmith and Fulham,766,3
2020-07-19,Hammersmith and Fulham,763,0
2020-07-18,Hammersmith and Fulham,763,0
2020-07-17,Hammersmith and Fulham,763,2
2020-07-16,Hammersmith and Fulham,761,1
2020-07-15,Hammersmith and Fulham,760,0
2020-07-14,Hammersmith and Fulham,760,0
2020-07-13,Hammersmith and Fulham,760,1
2020-07-12,Hammersmith and Fulham,759,0
2020-07-11,Hammersmith and Fulham,759,0
2020-07-10,Hammersmith and Fulham,759,0
2020-07-09,Hammersmith and Fulham,759,2
2020-07-08,Hammersmith and Fulham,757,1
2020-07-07,Hammersmith and Fulham,756,0
2020-07-06,Hammersmith and Fulham,756,0
2020-07-05,Hammersmith and Fulham,756,3
2020-07-04,Hammersmith and Fulham,753,0
2020-07-03,Hammersmith and Fulham,753,2
2020-07-02,Hammersmith and Fulham,751,1
2020-07-01,Hammersmith and Fulham,750,1
2020-06-30,Hammersmith and Fulham,749,3
2020-06-29,Hammersmith and Fulham,746,0
2020-06-28,Hammersmith and Fulham,746,0
2020-06-27,Hammersmith and Fulham,746,5
2020-06-26,Hammersmith and Fulham,741,0
2020-06-25,Hammersmith and Fulham,741,4
2020-06-24,Hammersmith and Fulham,737,4
2020-06-23,Hammersmith and Fulham,733,3
2020-06-22,Hammersmith and Fulham,730,3
2020-06-21,Hammersmith and Fulham,727,0
2020-06-20,Hammersmith and Fulham,727,1
2020-06-19,Hammersmith and Fulham,726,2
2020-06-18,Hammersmith and Fulham,724,2
2020-06-17,Hammersmith and Fulham,722,3
2020-06-16,Hammersmith and Fulham,719,0
2020-06-15,Hammersmith and Fulham,719,0
2020-06-14,Hammersmith and Fulham,719,1
2020-06-13,Hammersmith and Fulham,718,0
2020-06-12,Hammersmith and Fulham,718,1
2020-06-11,Hammersmith and Fulham,717,0
2020-06-10,Hammersmith and Fulham,717,1
2020-06-09,Hammersmith and Fulham,716,1
2020-06-08,Hammersmith and Fulham,715,1
2020-06-07,Hammersmith and Fulham,714,1
2020-06-06,Hammersmith and Fulham,713,2
2020-06-05,Hammersmith and Fulham,711,0
2020-06-04,Hammersmith and Fulham,711,1
2020-06-03,Hammersmith and Fulham,710,3
2020-06-02,Hammersmith and Fulham,707,2
2020-06-01,Hammersmith and Fulham,705,1
2020-05-31,Hammersmith and Fulham,704,0
2020-05-30,Hammersmith and Fulham,704,0
2020-05-29,Hammersmith and Fulham,704,3
2020-05-28,Hammersmith and Fulham,701,0
2020-05-27,Hammersmith and Fulham,701,0
2020-05-26,Hammersmith and Fulham,701,1
2020-05-25,Hammersmith and Fulham,700,1
2020-05-24,Hammersmith and Fulham,699,0
2020-05-23,Hammersmith and Fulham,699,0
2020-05-22,Hammersmith and Fulham,699,4
2020-05-21,Hammersmith and Fulham,695,3
2020-05-20,Hammersmith and Fulham,692,5
2020-05-19,Hammersmith and Fulham,687,1
2020-05-18,Hammersmith and Fulham,686,3
2020-05-17,Hammersmith and Fulham,683,1
2020-05-16,Hammersmith and Fulham,682,0
2020-05-15,Hammersmith and Fulham,682,2
2020-05-14,Hammersmith and Fulham,680,1
2020-05-13,Hammersmith and Fulham,679,3
2020-05-12,Hammersmith and Fulham,676,2
2020-05-11,Hammersmith and Fulham,674,2
2020-05-10,Hammersmith and Fulham,672,1
2020-05-09,Hammersmith and Fulham,671,1
2020-05-08,Hammersmith and Fulham,670,3
2020-05-07,Hammersmith and Fulham,667,4
2020-05-06,Hammersmith and Fulham,663,2
2020-05-05,Hammersmith and Fulham,661,1
2020-05-04,Hammersmith and Fulham,660,5
2020-05-03,Hammersmith and Fulham,655,2
2020-05-02,Hammersmith and Fulham,653,1
2020-05-01,Hammersmith and Fulham,652,9
2020-04-30,Hammersmith and Fulham,643,5
2020-04-29,Hammersmith and Fulham,638,9
2020-04-28,Hammersmith and Fulham,629,4
2020-04-27,Hammersmith and Fulham,625,5
2020-04-26,Hammersmith and Fulham,620,5
2020-04-25,Hammersmith and Fulham,615,3
2020-04-24,Hammersmith and Fulham,612,10
2020-04-23,Hammersmith and Fulham,602,50
2020-04-22,Hammersmith and Fulham,552,23
2020-04-21,Hammersmith and Fulham,529,19
2020-04-20,Hammersmith and Fulham,510,10
2020-04-19,Hammersmith and Fulham,500,6
2020-04-18,Hammersmith and Fulham,494,4
2020-04-17,Hammersmith and Fulham,490,17
2020-04-16,Hammersmith and Fulham,473,25
2020-04-15,Hammersmith and Fulham,448,30
2020-04-14,Hammersmith and Fulham,418,9
2020-04-13,Hammersmith and Fulham,409,9
2020-04-12,Hammersmith and Fulham,400,7
2020-04-11,Hammersmith and Fulham,393,4
2020-04-10,Hammersmith and Fulham,389,17
2020-04-09,Hammersmith and Fulham,372,10
2020-04-08,Hammersmith and Fulham,362,19
2020-04-07,Hammersmith and Fulham,343,22
2020-04-06,Hammersmith and Fulham,321,16
2020-04-05,Hammersmith and Fulham,305,10
2020-04-04,Hammersmith and Fulham,295,16
2020-04-03,Hammersmith and Fulham,279,20
2020-04-02,Hammersmith and Fulham,259,20
2020-04-01,Hammersmith and Fulham,239,27
2020-03-31,Hammersmith and Fulham,212,19
2020-03-30,Hammersmith and Fulham,193,12
2020-03-29,Hammersmith and Fulham,181,7
2020-03-28,Hammersmith and Fulham,174,12
2020-03-27,Hammersmith and Fulham,162,8
2020-03-26,Hammersmith and Fulham,154,24
2020-03-25,Hammersmith and Fulham,130,19
2020-03-24,Hammersmith and Fulham,111,14
2020-03-23,Hammersmith and Fulham,97,13
2020-03-22,Hammersmith and Fulham,84,13
2020-03-21,Hammersmith and Fulham,71,11
2020-03-20,Hammersmith and Fulham,60,8
2020-03-19,Hammersmith and Fulham,52,3
2020-03-18,Hammersmith and Fulham,49,9
2020-03-17,Hammersmith and Fulham,40,8
2020-03-16,Hammersmith and Fulham,32,3
2020-03-15,Hammersmith and Fulham,29,3
2020-03-14,Hammersmith and Fulham,26,2
2020-03-13,Hammersmith and Fulham,24,3
2020-03-12,Hammersmith and Fulham,21,1
2020-03-11,Hammersmith and Fulham,20,11
2020-03-10,Hammersmith and Fulham,9,3
2020-03-09,Hammersmith and Fulham,6,3
2020-03-08,Hammersmith and Fulham,3,0
2020-03-07,Hammersmith and Fulham,3,0
2020-03-06,Hammersmith and Fulham,3,2
2020-03-05,Hammersmith and Fulham,1,0
2020-03-04,Hammersmith and Fulham,1,1
