date,areaName,cumCasesBySpecimenDate,newCasesBySpecimenDate
2021-04-19,Harrow,20724,0
2021-04-18,Harrow,20724,4
2021-04-17,Harrow,20720,2
2021-04-16,Harrow,20718,19
2021-04-15,Harrow,20699,11
2021-04-14,Harrow,20688,10
2021-04-13,Harrow,20678,13
2021-04-12,Harrow,20665,5
2021-04-11,Harrow,20660,11
2021-04-10,Harrow,20649,7
2021-04-09,Harrow,20642,37
2021-04-08,Harrow,20605,14
2021-04-07,Harrow,20591,13
2021-04-06,Harrow,20578,14
2021-04-05,Harrow,20564,11
2021-04-04,Harrow,20553,13
2021-04-03,Harrow,20540,7
2021-04-02,Harrow,20533,6
2021-04-01,Harrow,20527,16
2021-03-31,Harrow,20511,15
2021-03-30,Harrow,20496,10
2021-03-29,Harrow,20486,24
2021-03-28,Harrow,20462,16
2021-03-27,Harrow,20446,9
2021-03-26,Harrow,20437,22
2021-03-25,Harrow,20415,23
2021-03-24,Harrow,20392,35
2021-03-23,Harrow,20357,21
2021-03-22,Harrow,20336,20
2021-03-21,Harrow,20316,10
2021-03-20,Harrow,20306,14
2021-03-19,Harrow,20292,11
2021-03-18,Harrow,20281,17
2021-03-17,Harrow,20264,15
2021-03-16,Harrow,20249,23
2021-03-15,Harrow,20226,25
2021-03-14,Harrow,20201,17
2021-03-13,Harrow,20184,20
2021-03-12,Harrow,20164,20
2021-03-11,Harrow,20144,22
2021-03-10,Harrow,20122,21
2021-03-09,Harrow,20101,24
2021-03-08,Harrow,20077,29
2021-03-07,Harrow,20048,13
2021-03-06,Harrow,20035,12
2021-03-05,Harrow,20023,29
2021-03-04,Harrow,19994,31
2021-03-03,Harrow,19963,26
2021-03-02,Harrow,19937,20
2021-03-01,Harrow,19917,27
2021-02-28,Harrow,19890,9
2021-02-27,Harrow,19881,11
2021-02-26,Harrow,19870,25
2021-02-25,Harrow,19845,29
2021-02-24,Harrow,19816,25
2021-02-23,Harrow,19791,36
2021-02-22,Harrow,19755,37
2021-02-21,Harrow,19718,35
2021-02-20,Harrow,19683,34
2021-02-19,Harrow,19649,43
2021-02-18,Harrow,19606,41
2021-02-17,Harrow,19565,39
2021-02-16,Harrow,19526,46
2021-02-15,Harrow,19480,48
2021-02-14,Harrow,19432,33
2021-02-13,Harrow,19399,24
2021-02-12,Harrow,19375,46
2021-02-11,Harrow,19329,46
2021-02-10,Harrow,19283,56
2021-02-09,Harrow,19227,55
2021-02-08,Harrow,19172,66
2021-02-07,Harrow,19106,45
2021-02-06,Harrow,19061,51
2021-02-05,Harrow,19010,68
2021-02-04,Harrow,18942,87
2021-02-03,Harrow,18855,87
2021-02-02,Harrow,18768,93
2021-02-01,Harrow,18675,120
2021-01-31,Harrow,18555,72
2021-01-30,Harrow,18483,79
2021-01-29,Harrow,18404,119
2021-01-28,Harrow,18285,151
2021-01-27,Harrow,18134,150
2021-01-26,Harrow,17984,128
2021-01-25,Harrow,17856,167
2021-01-24,Harrow,17689,91
2021-01-23,Harrow,17598,156
2021-01-22,Harrow,17442,170
2021-01-21,Harrow,17272,196
2021-01-20,Harrow,17076,214
2021-01-19,Harrow,16862,199
2021-01-18,Harrow,16663,245
2021-01-17,Harrow,16418,178
2021-01-16,Harrow,16240,190
2021-01-15,Harrow,16050,234
2021-01-14,Harrow,15816,247
2021-01-13,Harrow,15569,253
2021-01-12,Harrow,15316,272
2021-01-11,Harrow,15044,311
2021-01-10,Harrow,14733,186
2021-01-09,Harrow,14547,268
2021-01-08,Harrow,14279,311
2021-01-07,Harrow,13968,316
2021-01-06,Harrow,13652,362
2021-01-05,Harrow,13290,395
2021-01-04,Harrow,12895,420
2021-01-03,Harrow,12475,348
2021-01-02,Harrow,12127,340
2021-01-01,Harrow,11787,157
2020-12-31,Harrow,11630,310
2020-12-30,Harrow,11320,447
2020-12-29,Harrow,10873,449
2020-12-28,Harrow,10424,284
2020-12-27,Harrow,10140,378
2020-12-26,Harrow,9762,357
2020-12-25,Harrow,9405,142
2020-12-24,Harrow,9263,319
2020-12-23,Harrow,8944,301
2020-12-22,Harrow,8643,345
2020-12-21,Harrow,8298,318
2020-12-20,Harrow,7980,224
2020-12-19,Harrow,7756,186
2020-12-18,Harrow,7570,221
2020-12-17,Harrow,7349,271
2020-12-16,Harrow,7078,215
2020-12-15,Harrow,6863,220
2020-12-14,Harrow,6643,219
2020-12-13,Harrow,6424,178
2020-12-12,Harrow,6246,131
2020-12-11,Harrow,6115,179
2020-12-10,Harrow,5936,134
2020-12-09,Harrow,5802,107
2020-12-08,Harrow,5695,111
2020-12-07,Harrow,5584,100
2020-12-06,Harrow,5484,70
2020-12-05,Harrow,5414,60
2020-12-04,Harrow,5354,98
2020-12-03,Harrow,5256,94
2020-12-02,Harrow,5162,86
2020-12-01,Harrow,5076,74
2020-11-30,Harrow,5002,76
2020-11-29,Harrow,4926,63
2020-11-28,Harrow,4863,48
2020-11-27,Harrow,4815,54
2020-11-26,Harrow,4761,50
2020-11-25,Harrow,4711,38
2020-11-24,Harrow,4673,46
2020-11-23,Harrow,4627,70
2020-11-22,Harrow,4557,38
2020-11-21,Harrow,4519,37
2020-11-20,Harrow,4482,64
2020-11-19,Harrow,4418,57
2020-11-18,Harrow,4361,63
2020-11-17,Harrow,4298,94
2020-11-16,Harrow,4204,77
2020-11-15,Harrow,4127,45
2020-11-14,Harrow,4082,53
2020-11-13,Harrow,4029,79
2020-11-12,Harrow,3950,72
2020-11-11,Harrow,3878,76
2020-11-10,Harrow,3802,95
2020-11-09,Harrow,3707,79
2020-11-08,Harrow,3628,55
2020-11-07,Harrow,3573,46
2020-11-06,Harrow,3527,51
2020-11-05,Harrow,3476,61
2020-11-04,Harrow,3415,56
2020-11-03,Harrow,3359,49
2020-11-02,Harrow,3310,96
2020-11-01,Harrow,3214,29
2020-10-31,Harrow,3185,44
2020-10-30,Harrow,3141,50
2020-10-29,Harrow,3091,48
2020-10-28,Harrow,3043,65
2020-10-27,Harrow,2978,55
2020-10-26,Harrow,2923,52
2020-10-25,Harrow,2871,40
2020-10-24,Harrow,2831,43
2020-10-23,Harrow,2788,57
2020-10-22,Harrow,2731,46
2020-10-21,Harrow,2685,58
2020-10-20,Harrow,2627,61
2020-10-19,Harrow,2566,58
2020-10-18,Harrow,2508,32
2020-10-17,Harrow,2476,33
2020-10-16,Harrow,2443,48
2020-10-15,Harrow,2395,37
2020-10-14,Harrow,2358,35
2020-10-13,Harrow,2323,70
2020-10-12,Harrow,2253,44
2020-10-11,Harrow,2209,20
2020-10-10,Harrow,2189,21
2020-10-09,Harrow,2168,44
2020-10-08,Harrow,2124,40
2020-10-07,Harrow,2084,51
2020-10-06,Harrow,2033,27
2020-10-05,Harrow,2006,49
2020-10-04,Harrow,1957,27
2020-10-03,Harrow,1930,29
2020-10-02,Harrow,1901,36
2020-10-01,Harrow,1865,33
2020-09-30,Harrow,1832,27
2020-09-29,Harrow,1805,23
2020-09-28,Harrow,1782,28
2020-09-27,Harrow,1754,15
2020-09-26,Harrow,1739,14
2020-09-25,Harrow,1725,12
2020-09-24,Harrow,1713,21
2020-09-23,Harrow,1692,17
2020-09-22,Harrow,1675,20
2020-09-21,Harrow,1655,8
2020-09-20,Harrow,1647,11
2020-09-19,Harrow,1636,11
2020-09-18,Harrow,1625,9
2020-09-17,Harrow,1616,13
2020-09-16,Harrow,1603,8
2020-09-15,Harrow,1595,5
2020-09-14,Harrow,1590,14
2020-09-13,Harrow,1576,3
2020-09-12,Harrow,1573,4
2020-09-11,Harrow,1569,6
2020-09-10,Harrow,1563,6
2020-09-09,Harrow,1557,13
2020-09-08,Harrow,1544,11
2020-09-07,Harrow,1533,19
2020-09-06,Harrow,1514,5
2020-09-05,Harrow,1509,10
2020-09-04,Harrow,1499,7
2020-09-03,Harrow,1492,13
2020-09-02,Harrow,1479,19
2020-09-01,Harrow,1460,7
2020-08-31,Harrow,1453,4
2020-08-30,Harrow,1449,9
2020-08-29,Harrow,1440,8
2020-08-28,Harrow,1432,5
2020-08-27,Harrow,1427,4
2020-08-26,Harrow,1423,5
2020-08-25,Harrow,1418,15
2020-08-24,Harrow,1403,9
2020-08-23,Harrow,1394,4
2020-08-22,Harrow,1390,3
2020-08-21,Harrow,1387,7
2020-08-20,Harrow,1380,9
2020-08-19,Harrow,1371,1
2020-08-18,Harrow,1370,6
2020-08-17,Harrow,1364,8
2020-08-16,Harrow,1356,1
2020-08-15,Harrow,1355,4
2020-08-14,Harrow,1351,3
2020-08-13,Harrow,1348,5
2020-08-12,Harrow,1343,4
2020-08-11,Harrow,1339,2
2020-08-10,Harrow,1337,5
2020-08-09,Harrow,1332,0
2020-08-08,Harrow,1332,0
2020-08-07,Harrow,1332,7
2020-08-06,Harrow,1325,2
2020-08-05,Harrow,1323,2
2020-08-04,Harrow,1321,4
2020-08-03,Harrow,1317,0
2020-08-02,Harrow,1317,2
2020-08-01,Harrow,1315,1
2020-07-31,Harrow,1314,3
2020-07-30,Harrow,1311,2
2020-07-29,Harrow,1309,2
2020-07-28,Harrow,1307,5
2020-07-27,Harrow,1302,5
2020-07-26,Harrow,1297,2
2020-07-25,Harrow,1295,1
2020-07-24,Harrow,1294,1
2020-07-23,Harrow,1293,1
2020-07-22,Harrow,1292,0
2020-07-21,Harrow,1292,4
2020-07-20,Harrow,1288,4
2020-07-19,Harrow,1284,0
2020-07-18,Harrow,1284,0
2020-07-17,Harrow,1284,0
2020-07-16,Harrow,1284,0
2020-07-15,Harrow,1284,2
2020-07-14,Harrow,1282,3
2020-07-13,Harrow,1279,1
2020-07-12,Harrow,1278,1
2020-07-11,Harrow,1277,1
2020-07-10,Harrow,1276,2
2020-07-09,Harrow,1274,2
2020-07-08,Harrow,1272,3
2020-07-07,Harrow,1269,2
2020-07-06,Harrow,1267,2
2020-07-05,Harrow,1265,1
2020-07-04,Harrow,1264,3
2020-07-03,Harrow,1261,0
2020-07-02,Harrow,1261,2
2020-07-01,Harrow,1259,0
2020-06-30,Harrow,1259,1
2020-06-29,Harrow,1258,1
2020-06-28,Harrow,1257,1
2020-06-27,Harrow,1256,3
2020-06-26,Harrow,1253,0
2020-06-25,Harrow,1253,1
2020-06-24,Harrow,1252,1
2020-06-23,Harrow,1251,0
2020-06-22,Harrow,1251,2
2020-06-21,Harrow,1249,0
2020-06-20,Harrow,1249,1
2020-06-19,Harrow,1248,1
2020-06-18,Harrow,1247,1
2020-06-17,Harrow,1246,0
2020-06-16,Harrow,1246,1
2020-06-15,Harrow,1245,0
2020-06-14,Harrow,1245,0
2020-06-13,Harrow,1245,0
2020-06-12,Harrow,1245,1
2020-06-11,Harrow,1244,2
2020-06-10,Harrow,1242,2
2020-06-09,Harrow,1240,4
2020-06-08,Harrow,1236,6
2020-06-07,Harrow,1230,2
2020-06-06,Harrow,1228,3
2020-06-05,Harrow,1225,1
2020-06-04,Harrow,1224,2
2020-06-03,Harrow,1222,2
2020-06-02,Harrow,1220,5
2020-06-01,Harrow,1215,1
2020-05-31,Harrow,1214,0
2020-05-30,Harrow,1214,4
2020-05-29,Harrow,1210,1
2020-05-28,Harrow,1209,4
2020-05-27,Harrow,1205,4
2020-05-26,Harrow,1201,2
2020-05-25,Harrow,1199,0
2020-05-24,Harrow,1199,0
2020-05-23,Harrow,1199,1
2020-05-22,Harrow,1198,2
2020-05-21,Harrow,1196,4
2020-05-20,Harrow,1192,5
2020-05-19,Harrow,1187,4
2020-05-18,Harrow,1183,5
2020-05-17,Harrow,1178,4
2020-05-16,Harrow,1174,0
2020-05-15,Harrow,1174,5
2020-05-14,Harrow,1169,9
2020-05-13,Harrow,1160,3
2020-05-12,Harrow,1157,7
2020-05-11,Harrow,1150,3
2020-05-10,Harrow,1147,0
2020-05-09,Harrow,1147,7
2020-05-08,Harrow,1140,9
2020-05-07,Harrow,1131,17
2020-05-06,Harrow,1114,13
2020-05-05,Harrow,1101,11
2020-05-04,Harrow,1090,20
2020-05-03,Harrow,1070,7
2020-05-02,Harrow,1063,7
2020-05-01,Harrow,1056,10
2020-04-30,Harrow,1046,16
2020-04-29,Harrow,1030,29
2020-04-28,Harrow,1001,14
2020-04-27,Harrow,987,23
2020-04-26,Harrow,964,14
2020-04-25,Harrow,950,19
2020-04-24,Harrow,931,15
2020-04-23,Harrow,916,18
2020-04-22,Harrow,898,19
2020-04-21,Harrow,879,28
2020-04-20,Harrow,851,17
2020-04-19,Harrow,834,26
2020-04-18,Harrow,808,15
2020-04-17,Harrow,793,28
2020-04-16,Harrow,765,23
2020-04-15,Harrow,742,17
2020-04-14,Harrow,725,17
2020-04-13,Harrow,708,22
2020-04-12,Harrow,686,15
2020-04-11,Harrow,671,15
2020-04-10,Harrow,656,26
2020-04-09,Harrow,630,30
2020-04-08,Harrow,600,26
2020-04-07,Harrow,574,29
2020-04-06,Harrow,545,26
2020-04-05,Harrow,519,26
2020-04-04,Harrow,493,26
2020-04-03,Harrow,467,23
2020-04-02,Harrow,444,31
2020-04-01,Harrow,413,23
2020-03-31,Harrow,390,27
2020-03-30,Harrow,363,27
2020-03-29,Harrow,336,22
2020-03-28,Harrow,314,27
2020-03-27,Harrow,287,40
2020-03-26,Harrow,247,29
2020-03-25,Harrow,218,29
2020-03-24,Harrow,189,25
2020-03-23,Harrow,164,19
2020-03-22,Harrow,145,15
2020-03-21,Harrow,130,18
2020-03-20,Harrow,112,14
2020-03-19,Harrow,98,11
2020-03-18,Harrow,87,23
2020-03-17,Harrow,64,14
2020-03-16,Harrow,50,12
2020-03-15,Harrow,38,6
2020-03-14,Harrow,32,9
2020-03-13,Harrow,23,4
2020-03-12,Harrow,19,7
2020-03-11,Harrow,12,5
2020-03-10,Harrow,7,1
2020-03-09,Harrow,6,5
2020-03-08,Harrow,1,0
2020-03-07,Harrow,1,0
2020-03-06,Harrow,1,0
2020-03-05,Harrow,1,0
2020-03-04,Harrow,1,0
2020-03-03,Harrow,1,1
