date,areaName,cumCasesBySpecimenDate,newCasesBySpecimenDate
2021-04-19,Havering,26843,1
2021-04-18,Havering,26842,7
2021-04-17,Havering,26835,3
2021-04-16,Havering,26832,4
2021-04-15,Havering,26828,5
2021-04-14,Havering,26823,3
2021-04-13,Havering,26820,6
2021-04-12,Havering,26814,9
2021-04-11,Havering,26805,5
2021-04-10,Havering,26800,3
2021-04-09,Havering,26797,7
2021-04-08,Havering,26790,7
2021-04-07,Havering,26783,4
2021-04-06,Havering,26779,5
2021-04-05,Havering,26774,6
2021-04-04,Havering,26768,2
2021-04-03,Havering,26766,6
2021-04-02,Havering,26760,11
2021-04-01,Havering,26749,10
2021-03-31,Havering,26739,6
2021-03-30,Havering,26733,8
2021-03-29,Havering,26725,11
2021-03-28,Havering,26714,11
2021-03-27,Havering,26703,7
2021-03-26,Havering,26696,15
2021-03-25,Havering,26681,15
2021-03-24,Havering,26666,11
2021-03-23,Havering,26655,8
2021-03-22,Havering,26647,17
2021-03-21,Havering,26630,8
2021-03-20,Havering,26622,9
2021-03-19,Havering,26613,12
2021-03-18,Havering,26601,9
2021-03-17,Havering,26592,13
2021-03-16,Havering,26579,12
2021-03-15,Havering,26567,18
2021-03-14,Havering,26549,15
2021-03-13,Havering,26534,12
2021-03-12,Havering,26522,9
2021-03-11,Havering,26513,15
2021-03-10,Havering,26498,22
2021-03-09,Havering,26476,28
2021-03-08,Havering,26448,11
2021-03-07,Havering,26437,9
2021-03-06,Havering,26428,8
2021-03-05,Havering,26420,13
2021-03-04,Havering,26407,14
2021-03-03,Havering,26393,10
2021-03-02,Havering,26383,15
2021-03-01,Havering,26368,11
2021-02-28,Havering,26357,23
2021-02-27,Havering,26334,8
2021-02-26,Havering,26326,15
2021-02-25,Havering,26311,24
2021-02-24,Havering,26287,14
2021-02-23,Havering,26273,36
2021-02-22,Havering,26237,31
2021-02-21,Havering,26206,17
2021-02-20,Havering,26189,20
2021-02-19,Havering,26169,24
2021-02-18,Havering,26145,37
2021-02-17,Havering,26108,28
2021-02-16,Havering,26080,36
2021-02-15,Havering,26044,47
2021-02-14,Havering,25997,28
2021-02-13,Havering,25969,29
2021-02-12,Havering,25940,32
2021-02-11,Havering,25908,38
2021-02-10,Havering,25870,32
2021-02-09,Havering,25838,56
2021-02-08,Havering,25782,46
2021-02-07,Havering,25736,56
2021-02-06,Havering,25680,42
2021-02-05,Havering,25638,83
2021-02-04,Havering,25555,88
2021-02-03,Havering,25467,67
2021-02-02,Havering,25400,69
2021-02-01,Havering,25331,82
2021-01-31,Havering,25249,70
2021-01-30,Havering,25179,77
2021-01-29,Havering,25102,74
2021-01-28,Havering,25028,95
2021-01-27,Havering,24933,115
2021-01-26,Havering,24818,101
2021-01-25,Havering,24717,138
2021-01-24,Havering,24579,105
2021-01-23,Havering,24474,121
2021-01-22,Havering,24353,129
2021-01-21,Havering,24224,131
2021-01-20,Havering,24093,134
2021-01-19,Havering,23959,203
2021-01-18,Havering,23756,213
2021-01-17,Havering,23543,163
2021-01-16,Havering,23380,197
2021-01-15,Havering,23183,217
2021-01-14,Havering,22966,266
2021-01-13,Havering,22700,257
2021-01-12,Havering,22443,292
2021-01-11,Havering,22151,311
2021-01-10,Havering,21840,201
2021-01-09,Havering,21639,231
2021-01-08,Havering,21408,318
2021-01-07,Havering,21090,320
2021-01-06,Havering,20770,391
2021-01-05,Havering,20379,426
2021-01-04,Havering,19953,554
2021-01-03,Havering,19399,424
2021-01-02,Havering,18975,541
2021-01-01,Havering,18434,281
2020-12-31,Havering,18153,537
2020-12-30,Havering,17616,653
2020-12-29,Havering,16963,700
2020-12-28,Havering,16263,329
2020-12-27,Havering,15934,522
2020-12-26,Havering,15412,432
2020-12-25,Havering,14980,137
2020-12-24,Havering,14843,327
2020-12-23,Havering,14516,488
2020-12-22,Havering,14028,569
2020-12-21,Havering,13459,583
2020-12-20,Havering,12876,426
2020-12-19,Havering,12450,355
2020-12-18,Havering,12095,511
2020-12-17,Havering,11584,501
2020-12-16,Havering,11083,539
2020-12-15,Havering,10544,435
2020-12-14,Havering,10109,512
2020-12-13,Havering,9597,380
2020-12-12,Havering,9217,303
2020-12-11,Havering,8914,290
2020-12-10,Havering,8624,258
2020-12-09,Havering,8366,240
2020-12-08,Havering,8126,235
2020-12-07,Havering,7891,229
2020-12-06,Havering,7662,148
2020-12-05,Havering,7514,151
2020-12-04,Havering,7363,158
2020-12-03,Havering,7205,170
2020-12-02,Havering,7035,137
2020-12-01,Havering,6898,131
2020-11-30,Havering,6767,144
2020-11-29,Havering,6623,94
2020-11-28,Havering,6529,109
2020-11-27,Havering,6420,119
2020-11-26,Havering,6301,103
2020-11-25,Havering,6198,126
2020-11-24,Havering,6072,93
2020-11-23,Havering,5979,113
2020-11-22,Havering,5866,91
2020-11-21,Havering,5775,76
2020-11-20,Havering,5699,98
2020-11-19,Havering,5601,146
2020-11-18,Havering,5455,132
2020-11-17,Havering,5323,149
2020-11-16,Havering,5174,170
2020-11-15,Havering,5004,106
2020-11-14,Havering,4898,140
2020-11-13,Havering,4758,169
2020-11-12,Havering,4589,145
2020-11-11,Havering,4444,160
2020-11-10,Havering,4284,119
2020-11-09,Havering,4165,165
2020-11-08,Havering,4000,72
2020-11-07,Havering,3928,75
2020-11-06,Havering,3853,92
2020-11-05,Havering,3761,118
2020-11-04,Havering,3643,104
2020-11-03,Havering,3539,114
2020-11-02,Havering,3425,152
2020-11-01,Havering,3273,50
2020-10-31,Havering,3223,84
2020-10-30,Havering,3139,81
2020-10-29,Havering,3058,78
2020-10-28,Havering,2980,71
2020-10-27,Havering,2909,77
2020-10-26,Havering,2832,99
2020-10-25,Havering,2733,54
2020-10-24,Havering,2679,44
2020-10-23,Havering,2635,55
2020-10-22,Havering,2580,78
2020-10-21,Havering,2502,58
2020-10-20,Havering,2444,95
2020-10-19,Havering,2349,64
2020-10-18,Havering,2285,42
2020-10-17,Havering,2243,31
2020-10-16,Havering,2212,43
2020-10-15,Havering,2169,50
2020-10-14,Havering,2119,52
2020-10-13,Havering,2067,44
2020-10-12,Havering,2023,58
2020-10-11,Havering,1965,28
2020-10-10,Havering,1937,22
2020-10-09,Havering,1915,44
2020-10-08,Havering,1871,53
2020-10-07,Havering,1818,35
2020-10-06,Havering,1783,29
2020-10-05,Havering,1754,50
2020-10-04,Havering,1704,16
2020-10-03,Havering,1688,30
2020-10-02,Havering,1658,29
2020-10-01,Havering,1629,20
2020-09-30,Havering,1609,23
2020-09-29,Havering,1586,18
2020-09-28,Havering,1568,26
2020-09-27,Havering,1542,25
2020-09-26,Havering,1517,27
2020-09-25,Havering,1490,19
2020-09-24,Havering,1471,19
2020-09-23,Havering,1452,39
2020-09-22,Havering,1413,17
2020-09-21,Havering,1396,14
2020-09-20,Havering,1382,18
2020-09-19,Havering,1364,13
2020-09-18,Havering,1351,19
2020-09-17,Havering,1332,21
2020-09-16,Havering,1311,9
2020-09-15,Havering,1302,12
2020-09-14,Havering,1290,4
2020-09-13,Havering,1286,9
2020-09-12,Havering,1277,5
2020-09-11,Havering,1272,20
2020-09-10,Havering,1252,12
2020-09-09,Havering,1240,10
2020-09-08,Havering,1230,14
2020-09-07,Havering,1216,12
2020-09-06,Havering,1204,16
2020-09-05,Havering,1188,15
2020-09-04,Havering,1173,12
2020-09-03,Havering,1161,18
2020-09-02,Havering,1143,11
2020-09-01,Havering,1132,15
2020-08-31,Havering,1117,6
2020-08-30,Havering,1111,3
2020-08-29,Havering,1108,5
2020-08-28,Havering,1103,8
2020-08-27,Havering,1095,17
2020-08-26,Havering,1078,2
2020-08-25,Havering,1076,5
2020-08-24,Havering,1071,1
2020-08-23,Havering,1070,8
2020-08-22,Havering,1062,3
2020-08-21,Havering,1059,5
2020-08-20,Havering,1054,4
2020-08-19,Havering,1050,3
2020-08-18,Havering,1047,5
2020-08-17,Havering,1042,2
2020-08-16,Havering,1040,2
2020-08-15,Havering,1038,4
2020-08-14,Havering,1034,4
2020-08-13,Havering,1030,1
2020-08-12,Havering,1029,2
2020-08-11,Havering,1027,4
2020-08-10,Havering,1023,2
2020-08-09,Havering,1021,1
2020-08-08,Havering,1020,1
2020-08-07,Havering,1019,2
2020-08-06,Havering,1017,1
2020-08-05,Havering,1016,1
2020-08-04,Havering,1015,6
2020-08-03,Havering,1009,4
2020-08-02,Havering,1005,1
2020-08-01,Havering,1004,3
2020-07-31,Havering,1001,2
2020-07-30,Havering,999,5
2020-07-29,Havering,994,3
2020-07-28,Havering,991,4
2020-07-27,Havering,987,3
2020-07-26,Havering,984,0
2020-07-25,Havering,984,1
2020-07-24,Havering,983,0
2020-07-23,Havering,983,5
2020-07-22,Havering,978,1
2020-07-21,Havering,977,6
2020-07-20,Havering,971,6
2020-07-19,Havering,965,1
2020-07-18,Havering,964,2
2020-07-17,Havering,962,1
2020-07-16,Havering,961,3
2020-07-15,Havering,958,2
2020-07-14,Havering,956,7
2020-07-13,Havering,949,1
2020-07-12,Havering,948,1
2020-07-11,Havering,947,0
2020-07-10,Havering,947,2
2020-07-09,Havering,945,1
2020-07-08,Havering,944,3
2020-07-07,Havering,941,3
2020-07-06,Havering,938,1
2020-07-05,Havering,937,0
2020-07-04,Havering,937,2
2020-07-03,Havering,935,3
2020-07-02,Havering,932,1
2020-07-01,Havering,931,1
2020-06-30,Havering,930,1
2020-06-29,Havering,929,2
2020-06-28,Havering,927,0
2020-06-27,Havering,927,2
2020-06-26,Havering,925,1
2020-06-25,Havering,924,1
2020-06-24,Havering,923,3
2020-06-23,Havering,920,6
2020-06-22,Havering,914,1
2020-06-21,Havering,913,0
2020-06-20,Havering,913,0
2020-06-19,Havering,913,1
2020-06-18,Havering,912,0
2020-06-17,Havering,912,0
2020-06-16,Havering,912,1
2020-06-15,Havering,911,3
2020-06-14,Havering,908,1
2020-06-13,Havering,907,1
2020-06-12,Havering,906,2
2020-06-11,Havering,904,0
2020-06-10,Havering,904,2
2020-06-09,Havering,902,3
2020-06-08,Havering,899,2
2020-06-07,Havering,897,2
2020-06-06,Havering,895,0
2020-06-05,Havering,895,1
2020-06-04,Havering,894,2
2020-06-03,Havering,892,3
2020-06-02,Havering,889,2
2020-06-01,Havering,887,1
2020-05-31,Havering,886,2
2020-05-30,Havering,884,0
2020-05-29,Havering,884,0
2020-05-28,Havering,884,1
2020-05-27,Havering,883,2
2020-05-26,Havering,881,3
2020-05-25,Havering,878,2
2020-05-24,Havering,876,1
2020-05-23,Havering,875,0
2020-05-22,Havering,875,2
2020-05-21,Havering,873,10
2020-05-20,Havering,863,7
2020-05-19,Havering,856,3
2020-05-18,Havering,853,2
2020-05-17,Havering,851,2
2020-05-16,Havering,849,4
2020-05-15,Havering,845,7
2020-05-14,Havering,838,6
2020-05-13,Havering,832,4
2020-05-12,Havering,828,2
2020-05-11,Havering,826,4
2020-05-10,Havering,822,4
2020-05-09,Havering,818,0
2020-05-08,Havering,818,3
2020-05-07,Havering,815,1
2020-05-06,Havering,814,8
2020-05-05,Havering,806,7
2020-05-04,Havering,799,16
2020-05-03,Havering,783,8
2020-05-02,Havering,775,10
2020-05-01,Havering,765,20
2020-04-30,Havering,745,11
2020-04-29,Havering,734,9
2020-04-28,Havering,725,7
2020-04-27,Havering,718,13
2020-04-26,Havering,705,8
2020-04-25,Havering,697,11
2020-04-24,Havering,686,11
2020-04-23,Havering,675,14
2020-04-22,Havering,661,12
2020-04-21,Havering,649,10
2020-04-20,Havering,639,14
2020-04-19,Havering,625,15
2020-04-18,Havering,610,11
2020-04-17,Havering,599,10
2020-04-16,Havering,589,22
2020-04-15,Havering,567,21
2020-04-14,Havering,546,15
2020-04-13,Havering,531,17
2020-04-12,Havering,514,24
2020-04-11,Havering,490,18
2020-04-10,Havering,472,26
2020-04-09,Havering,446,26
2020-04-08,Havering,420,35
2020-04-07,Havering,385,37
2020-04-06,Havering,348,28
2020-04-05,Havering,320,23
2020-04-04,Havering,297,21
2020-04-03,Havering,276,37
2020-04-02,Havering,239,32
2020-04-01,Havering,207,30
2020-03-31,Havering,177,27
2020-03-30,Havering,150,17
2020-03-29,Havering,133,9
2020-03-28,Havering,124,6
2020-03-27,Havering,118,10
2020-03-26,Havering,108,11
2020-03-25,Havering,97,13
2020-03-24,Havering,84,16
2020-03-23,Havering,68,10
2020-03-22,Havering,58,13
2020-03-21,Havering,45,6
2020-03-20,Havering,39,4
2020-03-19,Havering,35,7
2020-03-18,Havering,28,10
2020-03-17,Havering,18,3
2020-03-16,Havering,15,2
2020-03-15,Havering,13,5
2020-03-14,Havering,8,2
2020-03-13,Havering,6,1
2020-03-12,Havering,5,1
2020-03-11,Havering,4,2
2020-03-10,Havering,2,0
2020-03-09,Havering,2,1
2020-03-08,Havering,1,0
2020-03-07,Havering,1,0
2020-03-06,Havering,1,1
