date,areaName,cumCasesBySpecimenDate,newCasesBySpecimenDate
2021-04-19,Hounslow,24777,3
2021-04-18,Hounslow,24774,16
2021-04-17,Hounslow,24758,8
2021-04-16,Hounslow,24750,19
2021-04-15,Hounslow,24731,8
2021-04-14,Hounslow,24723,15
2021-04-13,Hounslow,24708,13
2021-04-12,Hounslow,24695,19
2021-04-11,Hounslow,24676,4
2021-04-10,Hounslow,24672,18
2021-04-09,Hounslow,24654,14
2021-04-08,Hounslow,24640,24
2021-04-07,Hounslow,24616,5
2021-04-06,Hounslow,24611,27
2021-04-05,Hounslow,24584,17
2021-04-04,Hounslow,24567,10
2021-04-03,Hounslow,24557,12
2021-04-02,Hounslow,24545,10
2021-04-01,Hounslow,24535,16
2021-03-31,Hounslow,24519,15
2021-03-30,Hounslow,24504,11
2021-03-29,Hounslow,24493,24
2021-03-28,Hounslow,24469,15
2021-03-27,Hounslow,24454,11
2021-03-26,Hounslow,24443,17
2021-03-25,Hounslow,24426,18
2021-03-24,Hounslow,24408,31
2021-03-23,Hounslow,24377,30
2021-03-22,Hounslow,24347,31
2021-03-21,Hounslow,24316,24
2021-03-20,Hounslow,24292,26
2021-03-19,Hounslow,24266,19
2021-03-18,Hounslow,24247,31
2021-03-17,Hounslow,24216,19
2021-03-16,Hounslow,24197,22
2021-03-15,Hounslow,24175,24
2021-03-14,Hounslow,24151,23
2021-03-13,Hounslow,24128,21
2021-03-12,Hounslow,24107,27
2021-03-11,Hounslow,24080,21
2021-03-10,Hounslow,24059,18
2021-03-09,Hounslow,24041,28
2021-03-08,Hounslow,24013,24
2021-03-07,Hounslow,23989,20
2021-03-06,Hounslow,23969,23
2021-03-05,Hounslow,23946,23
2021-03-04,Hounslow,23923,30
2021-03-03,Hounslow,23893,33
2021-03-02,Hounslow,23860,32
2021-03-01,Hounslow,23828,24
2021-02-28,Hounslow,23804,26
2021-02-27,Hounslow,23778,25
2021-02-26,Hounslow,23753,31
2021-02-25,Hounslow,23722,29
2021-02-24,Hounslow,23693,37
2021-02-23,Hounslow,23656,44
2021-02-22,Hounslow,23612,51
2021-02-21,Hounslow,23561,49
2021-02-20,Hounslow,23512,51
2021-02-19,Hounslow,23461,54
2021-02-18,Hounslow,23407,61
2021-02-17,Hounslow,23346,57
2021-02-16,Hounslow,23289,57
2021-02-15,Hounslow,23232,92
2021-02-14,Hounslow,23140,50
2021-02-13,Hounslow,23090,38
2021-02-12,Hounslow,23052,60
2021-02-11,Hounslow,22992,60
2021-02-10,Hounslow,22932,67
2021-02-09,Hounslow,22865,82
2021-02-08,Hounslow,22783,87
2021-02-07,Hounslow,22696,74
2021-02-06,Hounslow,22622,82
2021-02-05,Hounslow,22540,90
2021-02-04,Hounslow,22450,111
2021-02-03,Hounslow,22339,135
2021-02-02,Hounslow,22204,137
2021-02-01,Hounslow,22067,165
2021-01-31,Hounslow,21902,126
2021-01-30,Hounslow,21776,143
2021-01-29,Hounslow,21633,168
2021-01-28,Hounslow,21465,179
2021-01-27,Hounslow,21286,151
2021-01-26,Hounslow,21135,178
2021-01-25,Hounslow,20957,218
2021-01-24,Hounslow,20739,115
2021-01-23,Hounslow,20624,179
2021-01-22,Hounslow,20445,199
2021-01-21,Hounslow,20246,252
2021-01-20,Hounslow,19994,259
2021-01-19,Hounslow,19735,319
2021-01-18,Hounslow,19416,312
2021-01-17,Hounslow,19104,253
2021-01-16,Hounslow,18851,271
2021-01-15,Hounslow,18580,333
2021-01-14,Hounslow,18247,391
2021-01-13,Hounslow,17856,379
2021-01-12,Hounslow,17477,381
2021-01-11,Hounslow,17096,452
2021-01-10,Hounslow,16644,330
2021-01-09,Hounslow,16314,276
2021-01-08,Hounslow,16038,366
2021-01-07,Hounslow,15672,397
2021-01-06,Hounslow,15275,460
2021-01-05,Hounslow,14815,517
2021-01-04,Hounslow,14298,531
2021-01-03,Hounslow,13767,472
2021-01-02,Hounslow,13295,467
2021-01-01,Hounslow,12828,279
2020-12-31,Hounslow,12549,395
2020-12-30,Hounslow,12154,596
2020-12-29,Hounslow,11558,571
2020-12-28,Hounslow,10987,324
2020-12-27,Hounslow,10663,389
2020-12-26,Hounslow,10274,417
2020-12-25,Hounslow,9857,153
2020-12-24,Hounslow,9704,349
2020-12-23,Hounslow,9355,275
2020-12-22,Hounslow,9080,396
2020-12-21,Hounslow,8684,342
2020-12-20,Hounslow,8342,257
2020-12-19,Hounslow,8085,162
2020-12-18,Hounslow,7923,271
2020-12-17,Hounslow,7652,245
2020-12-16,Hounslow,7407,276
2020-12-15,Hounslow,7131,175
2020-12-14,Hounslow,6956,191
2020-12-13,Hounslow,6765,99
2020-12-12,Hounslow,6666,110
2020-12-11,Hounslow,6556,147
2020-12-10,Hounslow,6409,119
2020-12-09,Hounslow,6290,126
2020-12-08,Hounslow,6164,89
2020-12-07,Hounslow,6075,86
2020-12-06,Hounslow,5989,68
2020-12-05,Hounslow,5921,49
2020-12-04,Hounslow,5872,70
2020-12-03,Hounslow,5802,56
2020-12-02,Hounslow,5746,90
2020-12-01,Hounslow,5656,52
2020-11-30,Hounslow,5604,65
2020-11-29,Hounslow,5539,37
2020-11-28,Hounslow,5502,52
2020-11-27,Hounslow,5450,53
2020-11-26,Hounslow,5397,73
2020-11-25,Hounslow,5324,73
2020-11-24,Hounslow,5251,83
2020-11-23,Hounslow,5168,77
2020-11-22,Hounslow,5091,48
2020-11-21,Hounslow,5043,47
2020-11-20,Hounslow,4996,64
2020-11-19,Hounslow,4932,75
2020-11-18,Hounslow,4857,86
2020-11-17,Hounslow,4771,91
2020-11-16,Hounslow,4680,120
2020-11-15,Hounslow,4560,61
2020-11-14,Hounslow,4499,55
2020-11-13,Hounslow,4444,74
2020-11-12,Hounslow,4370,98
2020-11-11,Hounslow,4272,69
2020-11-10,Hounslow,4203,78
2020-11-09,Hounslow,4125,85
2020-11-08,Hounslow,4040,71
2020-11-07,Hounslow,3969,67
2020-11-06,Hounslow,3902,56
2020-11-05,Hounslow,3846,81
2020-11-04,Hounslow,3765,63
2020-11-03,Hounslow,3702,76
2020-11-02,Hounslow,3626,85
2020-11-01,Hounslow,3541,39
2020-10-31,Hounslow,3502,39
2020-10-30,Hounslow,3463,70
2020-10-29,Hounslow,3393,84
2020-10-28,Hounslow,3309,81
2020-10-27,Hounslow,3228,60
2020-10-26,Hounslow,3168,85
2020-10-25,Hounslow,3083,53
2020-10-24,Hounslow,3030,54
2020-10-23,Hounslow,2976,61
2020-10-22,Hounslow,2915,88
2020-10-21,Hounslow,2827,87
2020-10-20,Hounslow,2740,84
2020-10-19,Hounslow,2656,80
2020-10-18,Hounslow,2576,37
2020-10-17,Hounslow,2539,45
2020-10-16,Hounslow,2494,67
2020-10-15,Hounslow,2427,65
2020-10-14,Hounslow,2362,69
2020-10-13,Hounslow,2293,55
2020-10-12,Hounslow,2238,39
2020-10-11,Hounslow,2199,16
2020-10-10,Hounslow,2183,46
2020-10-09,Hounslow,2137,53
2020-10-08,Hounslow,2084,61
2020-10-07,Hounslow,2023,43
2020-10-06,Hounslow,1980,36
2020-10-05,Hounslow,1944,34
2020-10-04,Hounslow,1910,44
2020-10-03,Hounslow,1866,22
2020-10-02,Hounslow,1844,39
2020-10-01,Hounslow,1805,37
2020-09-30,Hounslow,1768,31
2020-09-29,Hounslow,1737,18
2020-09-28,Hounslow,1719,16
2020-09-27,Hounslow,1703,18
2020-09-26,Hounslow,1685,26
2020-09-25,Hounslow,1659,31
2020-09-24,Hounslow,1628,15
2020-09-23,Hounslow,1613,34
2020-09-22,Hounslow,1579,20
2020-09-21,Hounslow,1559,8
2020-09-20,Hounslow,1551,15
2020-09-19,Hounslow,1536,12
2020-09-18,Hounslow,1524,7
2020-09-17,Hounslow,1517,5
2020-09-16,Hounslow,1512,9
2020-09-15,Hounslow,1503,10
2020-09-14,Hounslow,1493,17
2020-09-13,Hounslow,1476,6
2020-09-12,Hounslow,1470,11
2020-09-11,Hounslow,1459,13
2020-09-10,Hounslow,1446,26
2020-09-09,Hounslow,1420,18
2020-09-08,Hounslow,1402,5
2020-09-07,Hounslow,1397,27
2020-09-06,Hounslow,1370,5
2020-09-05,Hounslow,1365,17
2020-09-04,Hounslow,1348,18
2020-09-03,Hounslow,1330,14
2020-09-02,Hounslow,1316,6
2020-09-01,Hounslow,1310,12
2020-08-31,Hounslow,1298,8
2020-08-30,Hounslow,1290,9
2020-08-29,Hounslow,1281,9
2020-08-28,Hounslow,1272,2
2020-08-27,Hounslow,1270,3
2020-08-26,Hounslow,1267,9
2020-08-25,Hounslow,1258,2
2020-08-24,Hounslow,1256,3
2020-08-23,Hounslow,1253,3
2020-08-22,Hounslow,1250,5
2020-08-21,Hounslow,1245,3
2020-08-20,Hounslow,1242,7
2020-08-19,Hounslow,1235,4
2020-08-18,Hounslow,1231,7
2020-08-17,Hounslow,1224,6
2020-08-16,Hounslow,1218,4
2020-08-15,Hounslow,1214,7
2020-08-14,Hounslow,1207,3
2020-08-13,Hounslow,1204,5
2020-08-12,Hounslow,1199,6
2020-08-11,Hounslow,1193,17
2020-08-10,Hounslow,1176,9
2020-08-09,Hounslow,1167,5
2020-08-08,Hounslow,1162,4
2020-08-07,Hounslow,1158,3
2020-08-06,Hounslow,1155,8
2020-08-05,Hounslow,1147,2
2020-08-04,Hounslow,1145,5
2020-08-03,Hounslow,1140,10
2020-08-02,Hounslow,1130,9
2020-08-01,Hounslow,1121,4
2020-07-31,Hounslow,1117,6
2020-07-30,Hounslow,1111,1
2020-07-29,Hounslow,1110,3
2020-07-28,Hounslow,1107,3
2020-07-27,Hounslow,1104,3
2020-07-26,Hounslow,1101,2
2020-07-25,Hounslow,1099,0
2020-07-24,Hounslow,1099,5
2020-07-23,Hounslow,1094,2
2020-07-22,Hounslow,1092,3
2020-07-21,Hounslow,1089,2
2020-07-20,Hounslow,1087,4
2020-07-19,Hounslow,1083,2
2020-07-18,Hounslow,1081,0
2020-07-17,Hounslow,1081,2
2020-07-16,Hounslow,1079,3
2020-07-15,Hounslow,1076,1
2020-07-14,Hounslow,1075,2
2020-07-13,Hounslow,1073,3
2020-07-12,Hounslow,1070,3
2020-07-11,Hounslow,1067,1
2020-07-10,Hounslow,1066,3
2020-07-09,Hounslow,1063,1
2020-07-08,Hounslow,1062,3
2020-07-07,Hounslow,1059,1
2020-07-06,Hounslow,1058,1
2020-07-05,Hounslow,1057,2
2020-07-04,Hounslow,1055,0
2020-07-03,Hounslow,1055,1
2020-07-02,Hounslow,1054,3
2020-07-01,Hounslow,1051,4
2020-06-30,Hounslow,1047,2
2020-06-29,Hounslow,1045,0
2020-06-28,Hounslow,1045,2
2020-06-27,Hounslow,1043,0
2020-06-26,Hounslow,1043,2
2020-06-25,Hounslow,1041,10
2020-06-24,Hounslow,1031,4
2020-06-23,Hounslow,1027,4
2020-06-22,Hounslow,1023,2
2020-06-21,Hounslow,1021,5
2020-06-20,Hounslow,1016,1
2020-06-19,Hounslow,1015,3
2020-06-18,Hounslow,1012,3
2020-06-17,Hounslow,1009,3
2020-06-16,Hounslow,1006,2
2020-06-15,Hounslow,1004,2
2020-06-14,Hounslow,1002,1
2020-06-13,Hounslow,1001,1
2020-06-12,Hounslow,1000,0
2020-06-11,Hounslow,1000,2
2020-06-10,Hounslow,998,10
2020-06-09,Hounslow,988,6
2020-06-08,Hounslow,982,1
2020-06-07,Hounslow,981,5
2020-06-06,Hounslow,976,4
2020-06-05,Hounslow,972,7
2020-06-04,Hounslow,965,4
2020-06-03,Hounslow,961,4
2020-06-02,Hounslow,957,1
2020-06-01,Hounslow,956,1
2020-05-31,Hounslow,955,1
2020-05-30,Hounslow,954,1
2020-05-29,Hounslow,953,1
2020-05-28,Hounslow,952,3
2020-05-27,Hounslow,949,2
2020-05-26,Hounslow,947,3
2020-05-25,Hounslow,944,2
2020-05-24,Hounslow,942,0
2020-05-23,Hounslow,942,1
2020-05-22,Hounslow,941,5
2020-05-21,Hounslow,936,3
2020-05-20,Hounslow,933,2
2020-05-19,Hounslow,931,1
2020-05-18,Hounslow,930,2
2020-05-17,Hounslow,928,4
2020-05-16,Hounslow,924,3
2020-05-15,Hounslow,921,5
2020-05-14,Hounslow,916,5
2020-05-13,Hounslow,911,5
2020-05-12,Hounslow,906,9
2020-05-11,Hounslow,897,3
2020-05-10,Hounslow,894,4
2020-05-09,Hounslow,890,9
2020-05-08,Hounslow,881,9
2020-05-07,Hounslow,872,9
2020-05-06,Hounslow,863,10
2020-05-05,Hounslow,853,4
2020-05-04,Hounslow,849,15
2020-05-03,Hounslow,834,5
2020-05-02,Hounslow,829,10
2020-05-01,Hounslow,819,13
2020-04-30,Hounslow,806,30
2020-04-29,Hounslow,776,19
2020-04-28,Hounslow,757,12
2020-04-27,Hounslow,745,8
2020-04-26,Hounslow,737,15
2020-04-25,Hounslow,722,21
2020-04-24,Hounslow,701,18
2020-04-23,Hounslow,683,15
2020-04-22,Hounslow,668,8
2020-04-21,Hounslow,660,22
2020-04-20,Hounslow,638,13
2020-04-19,Hounslow,625,23
2020-04-18,Hounslow,602,14
2020-04-17,Hounslow,588,18
2020-04-16,Hounslow,570,16
2020-04-15,Hounslow,554,17
2020-04-14,Hounslow,537,20
2020-04-13,Hounslow,517,9
2020-04-12,Hounslow,508,13
2020-04-11,Hounslow,495,9
2020-04-10,Hounslow,486,16
2020-04-09,Hounslow,470,24
2020-04-08,Hounslow,446,23
2020-04-07,Hounslow,423,25
2020-04-06,Hounslow,398,16
2020-04-05,Hounslow,382,19
2020-04-04,Hounslow,363,17
2020-04-03,Hounslow,346,24
2020-04-02,Hounslow,322,33
2020-04-01,Hounslow,289,32
2020-03-31,Hounslow,257,22
2020-03-30,Hounslow,235,24
2020-03-29,Hounslow,211,15
2020-03-28,Hounslow,196,8
2020-03-27,Hounslow,188,27
2020-03-26,Hounslow,161,15
2020-03-25,Hounslow,146,17
2020-03-24,Hounslow,129,15
2020-03-23,Hounslow,114,17
2020-03-22,Hounslow,97,8
2020-03-21,Hounslow,89,14
2020-03-20,Hounslow,75,7
2020-03-19,Hounslow,68,13
2020-03-18,Hounslow,55,11
2020-03-17,Hounslow,44,8
2020-03-16,Hounslow,36,9
2020-03-15,Hounslow,27,5
2020-03-14,Hounslow,22,4
2020-03-13,Hounslow,18,5
2020-03-12,Hounslow,13,1
2020-03-11,Hounslow,12,6
2020-03-10,Hounslow,6,2
2020-03-09,Hounslow,4,0
2020-03-08,Hounslow,4,0
2020-03-07,Hounslow,4,0
2020-03-06,Hounslow,4,0
2020-03-05,Hounslow,4,0
2020-03-04,Hounslow,4,0
2020-03-03,Hounslow,4,1
2020-03-02,Hounslow,3,1
2020-03-01,Hounslow,2,1
2020-02-29,Hounslow,1,0
2020-02-28,Hounslow,1,1
