date,areaName,cumCasesBySpecimenDate,newCasesBySpecimenDate
2021-04-19,Islington,14959,0
2021-04-18,Islington,14959,3
2021-04-17,Islington,14956,1
2021-04-16,Islington,14955,3
2021-04-15,Islington,14952,6
2021-04-14,Islington,14946,5
2021-04-13,Islington,14941,8
2021-04-12,Islington,14933,5
2021-04-11,Islington,14928,6
2021-04-10,Islington,14922,6
2021-04-09,Islington,14916,6
2021-04-08,Islington,14910,7
2021-04-07,Islington,14903,8
2021-04-06,Islington,14895,8
2021-04-05,Islington,14887,5
2021-04-04,Islington,14882,5
2021-04-03,Islington,14877,7
2021-04-02,Islington,14870,6
2021-04-01,Islington,14864,3
2021-03-31,Islington,14861,2
2021-03-30,Islington,14859,14
2021-03-29,Islington,14845,7
2021-03-28,Islington,14838,12
2021-03-27,Islington,14826,5
2021-03-26,Islington,14821,9
2021-03-25,Islington,14812,9
2021-03-24,Islington,14803,14
2021-03-23,Islington,14789,8
2021-03-22,Islington,14781,10
2021-03-21,Islington,14771,8
2021-03-20,Islington,14763,8
2021-03-19,Islington,14755,5
2021-03-18,Islington,14750,19
2021-03-17,Islington,14731,18
2021-03-16,Islington,14713,17
2021-03-15,Islington,14696,20
2021-03-14,Islington,14676,3
2021-03-13,Islington,14673,12
2021-03-12,Islington,14661,7
2021-03-11,Islington,14654,6
2021-03-10,Islington,14648,10
2021-03-09,Islington,14638,17
2021-03-08,Islington,14621,6
2021-03-07,Islington,14615,4
2021-03-06,Islington,14611,7
2021-03-05,Islington,14604,7
2021-03-04,Islington,14597,16
2021-03-03,Islington,14581,5
2021-03-02,Islington,14576,12
2021-03-01,Islington,14564,8
2021-02-28,Islington,14556,13
2021-02-27,Islington,14543,9
2021-02-26,Islington,14534,10
2021-02-25,Islington,14524,7
2021-02-24,Islington,14517,9
2021-02-23,Islington,14508,9
2021-02-22,Islington,14499,25
2021-02-21,Islington,14474,23
2021-02-20,Islington,14451,13
2021-02-19,Islington,14438,20
2021-02-18,Islington,14418,14
2021-02-17,Islington,14404,13
2021-02-16,Islington,14391,12
2021-02-15,Islington,14379,14
2021-02-14,Islington,14365,9
2021-02-13,Islington,14356,11
2021-02-12,Islington,14345,20
2021-02-11,Islington,14325,28
2021-02-10,Islington,14297,26
2021-02-09,Islington,14271,23
2021-02-08,Islington,14248,34
2021-02-07,Islington,14214,20
2021-02-06,Islington,14194,34
2021-02-05,Islington,14160,47
2021-02-04,Islington,14113,27
2021-02-03,Islington,14086,54
2021-02-02,Islington,14032,47
2021-02-01,Islington,13985,61
2021-01-31,Islington,13924,34
2021-01-30,Islington,13890,47
2021-01-29,Islington,13843,57
2021-01-28,Islington,13786,77
2021-01-27,Islington,13709,79
2021-01-26,Islington,13630,91
2021-01-25,Islington,13539,111
2021-01-24,Islington,13428,63
2021-01-23,Islington,13365,86
2021-01-22,Islington,13279,100
2021-01-21,Islington,13179,109
2021-01-20,Islington,13070,137
2021-01-19,Islington,12933,105
2021-01-18,Islington,12828,159
2021-01-17,Islington,12669,96
2021-01-16,Islington,12573,98
2021-01-15,Islington,12475,217
2021-01-14,Islington,12258,180
2021-01-13,Islington,12078,170
2021-01-12,Islington,11908,222
2021-01-11,Islington,11686,268
2021-01-10,Islington,11418,135
2021-01-09,Islington,11283,172
2021-01-08,Islington,11111,218
2021-01-07,Islington,10893,220
2021-01-06,Islington,10673,318
2021-01-05,Islington,10355,314
2021-01-04,Islington,10041,370
2021-01-03,Islington,9671,325
2021-01-02,Islington,9346,256
2021-01-01,Islington,9090,144
2020-12-31,Islington,8946,244
2020-12-30,Islington,8702,382
2020-12-29,Islington,8320,399
2020-12-28,Islington,7921,200
2020-12-27,Islington,7721,281
2020-12-26,Islington,7440,277
2020-12-25,Islington,7163,86
2020-12-24,Islington,7077,153
2020-12-23,Islington,6924,269
2020-12-22,Islington,6655,313
2020-12-21,Islington,6342,267
2020-12-20,Islington,6075,189
2020-12-19,Islington,5886,191
2020-12-18,Islington,5695,255
2020-12-17,Islington,5440,238
2020-12-16,Islington,5202,240
2020-12-15,Islington,4962,210
2020-12-14,Islington,4752,202
2020-12-13,Islington,4550,96
2020-12-12,Islington,4454,82
2020-12-11,Islington,4372,113
2020-12-10,Islington,4259,125
2020-12-09,Islington,4134,79
2020-12-08,Islington,4055,75
2020-12-07,Islington,3980,61
2020-12-06,Islington,3919,41
2020-12-05,Islington,3878,47
2020-12-04,Islington,3831,51
2020-12-03,Islington,3780,32
2020-12-02,Islington,3748,37
2020-12-01,Islington,3711,51
2020-11-30,Islington,3660,59
2020-11-29,Islington,3601,38
2020-11-28,Islington,3563,28
2020-11-27,Islington,3535,40
2020-11-26,Islington,3495,37
2020-11-25,Islington,3458,29
2020-11-24,Islington,3429,37
2020-11-23,Islington,3392,49
2020-11-22,Islington,3343,30
2020-11-21,Islington,3313,28
2020-11-20,Islington,3285,43
2020-11-19,Islington,3242,37
2020-11-18,Islington,3205,53
2020-11-17,Islington,3152,53
2020-11-16,Islington,3099,61
2020-11-15,Islington,3038,28
2020-11-14,Islington,3010,40
2020-11-13,Islington,2970,60
2020-11-12,Islington,2910,54
2020-11-11,Islington,2856,68
2020-11-10,Islington,2788,61
2020-11-09,Islington,2727,90
2020-11-08,Islington,2637,47
2020-11-07,Islington,2590,47
2020-11-06,Islington,2543,57
2020-11-05,Islington,2486,63
2020-11-04,Islington,2423,41
2020-11-03,Islington,2382,52
2020-11-02,Islington,2330,49
2020-11-01,Islington,2281,23
2020-10-31,Islington,2258,31
2020-10-30,Islington,2227,41
2020-10-29,Islington,2186,42
2020-10-28,Islington,2144,45
2020-10-27,Islington,2099,50
2020-10-26,Islington,2049,58
2020-10-25,Islington,1991,28
2020-10-24,Islington,1963,37
2020-10-23,Islington,1926,43
2020-10-22,Islington,1883,71
2020-10-21,Islington,1812,72
2020-10-20,Islington,1740,61
2020-10-19,Islington,1679,61
2020-10-18,Islington,1618,29
2020-10-17,Islington,1589,34
2020-10-16,Islington,1555,45
2020-10-15,Islington,1510,54
2020-10-14,Islington,1456,41
2020-10-13,Islington,1415,40
2020-10-12,Islington,1375,41
2020-10-11,Islington,1334,22
2020-10-10,Islington,1312,23
2020-10-09,Islington,1289,42
2020-10-08,Islington,1247,33
2020-10-07,Islington,1214,34
2020-10-06,Islington,1180,35
2020-10-05,Islington,1145,33
2020-10-04,Islington,1112,24
2020-10-03,Islington,1088,17
2020-10-02,Islington,1071,25
2020-10-01,Islington,1046,28
2020-09-30,Islington,1018,45
2020-09-29,Islington,973,16
2020-09-28,Islington,957,31
2020-09-27,Islington,926,14
2020-09-26,Islington,912,14
2020-09-25,Islington,898,17
2020-09-24,Islington,881,13
2020-09-23,Islington,868,14
2020-09-22,Islington,854,15
2020-09-21,Islington,839,14
2020-09-20,Islington,825,7
2020-09-19,Islington,818,11
2020-09-18,Islington,807,4
2020-09-17,Islington,803,6
2020-09-16,Islington,797,12
2020-09-15,Islington,785,12
2020-09-14,Islington,773,7
2020-09-13,Islington,766,1
2020-09-12,Islington,765,6
2020-09-11,Islington,759,6
2020-09-10,Islington,753,4
2020-09-09,Islington,749,8
2020-09-08,Islington,741,8
2020-09-07,Islington,733,14
2020-09-06,Islington,719,5
2020-09-05,Islington,714,8
2020-09-04,Islington,706,11
2020-09-03,Islington,695,9
2020-09-02,Islington,686,12
2020-09-01,Islington,674,6
2020-08-31,Islington,668,3
2020-08-30,Islington,665,1
2020-08-29,Islington,664,3
2020-08-28,Islington,661,3
2020-08-27,Islington,658,6
2020-08-26,Islington,652,2
2020-08-25,Islington,650,4
2020-08-24,Islington,646,7
2020-08-23,Islington,639,1
2020-08-22,Islington,638,2
2020-08-21,Islington,636,8
2020-08-20,Islington,628,4
2020-08-19,Islington,624,3
2020-08-18,Islington,621,2
2020-08-17,Islington,619,5
2020-08-16,Islington,614,0
2020-08-15,Islington,614,2
2020-08-14,Islington,612,0
2020-08-13,Islington,612,0
2020-08-12,Islington,612,2
2020-08-11,Islington,610,3
2020-08-10,Islington,607,1
2020-08-09,Islington,606,0
2020-08-08,Islington,606,0
2020-08-07,Islington,606,3
2020-08-06,Islington,603,5
2020-08-05,Islington,598,2
2020-08-04,Islington,596,2
2020-08-03,Islington,594,2
2020-08-02,Islington,592,0
2020-08-01,Islington,592,2
2020-07-31,Islington,590,2
2020-07-30,Islington,588,1
2020-07-29,Islington,587,1
2020-07-28,Islington,586,2
2020-07-27,Islington,584,2
2020-07-26,Islington,582,2
2020-07-25,Islington,580,1
2020-07-24,Islington,579,3
2020-07-23,Islington,576,2
2020-07-22,Islington,574,1
2020-07-21,Islington,573,3
2020-07-20,Islington,570,2
2020-07-19,Islington,568,0
2020-07-18,Islington,568,2
2020-07-17,Islington,566,1
2020-07-16,Islington,565,2
2020-07-15,Islington,563,1
2020-07-14,Islington,562,2
2020-07-13,Islington,560,1
2020-07-12,Islington,559,2
2020-07-11,Islington,557,0
2020-07-10,Islington,557,0
2020-07-09,Islington,557,2
2020-07-08,Islington,555,0
2020-07-07,Islington,555,1
2020-07-06,Islington,554,1
2020-07-05,Islington,553,2
2020-07-04,Islington,551,0
2020-07-03,Islington,551,1
2020-07-02,Islington,550,1
2020-07-01,Islington,549,1
2020-06-30,Islington,548,1
2020-06-29,Islington,547,2
2020-06-28,Islington,545,0
2020-06-27,Islington,545,1
2020-06-26,Islington,544,0
2020-06-25,Islington,544,0
2020-06-24,Islington,544,1
2020-06-23,Islington,543,0
2020-06-22,Islington,543,0
2020-06-21,Islington,543,0
2020-06-20,Islington,543,1
2020-06-19,Islington,542,0
2020-06-18,Islington,542,3
2020-06-17,Islington,539,1
2020-06-16,Islington,538,1
2020-06-15,Islington,537,1
2020-06-14,Islington,536,1
2020-06-13,Islington,535,1
2020-06-12,Islington,534,1
2020-06-11,Islington,533,3
2020-06-10,Islington,530,1
2020-06-09,Islington,529,0
2020-06-08,Islington,529,0
2020-06-07,Islington,529,1
2020-06-06,Islington,528,0
2020-06-05,Islington,528,3
2020-06-04,Islington,525,0
2020-06-03,Islington,525,1
2020-06-02,Islington,524,1
2020-06-01,Islington,523,1
2020-05-31,Islington,522,0
2020-05-30,Islington,522,1
2020-05-29,Islington,521,1
2020-05-28,Islington,520,0
2020-05-27,Islington,520,2
2020-05-26,Islington,518,1
2020-05-25,Islington,517,2
2020-05-24,Islington,515,0
2020-05-23,Islington,515,1
2020-05-22,Islington,514,2
2020-05-21,Islington,512,1
2020-05-20,Islington,511,1
2020-05-19,Islington,510,3
2020-05-18,Islington,507,1
2020-05-17,Islington,506,2
2020-05-16,Islington,504,2
2020-05-15,Islington,502,4
2020-05-14,Islington,498,1
2020-05-13,Islington,497,4
2020-05-12,Islington,493,2
2020-05-11,Islington,491,5
2020-05-10,Islington,486,0
2020-05-09,Islington,486,4
2020-05-08,Islington,482,6
2020-05-07,Islington,476,2
2020-05-06,Islington,474,2
2020-05-05,Islington,472,2
2020-05-04,Islington,470,4
2020-05-03,Islington,466,4
2020-05-02,Islington,462,1
2020-05-01,Islington,461,5
2020-04-30,Islington,456,6
2020-04-29,Islington,450,2
2020-04-28,Islington,448,4
2020-04-27,Islington,444,7
2020-04-26,Islington,437,7
2020-04-25,Islington,430,1
2020-04-24,Islington,429,4
2020-04-23,Islington,425,8
2020-04-22,Islington,417,3
2020-04-21,Islington,414,4
2020-04-20,Islington,410,12
2020-04-19,Islington,398,1
2020-04-18,Islington,397,4
2020-04-17,Islington,393,12
2020-04-16,Islington,381,7
2020-04-15,Islington,374,11
2020-04-14,Islington,363,7
2020-04-13,Islington,356,7
2020-04-12,Islington,349,7
2020-04-11,Islington,342,4
2020-04-10,Islington,338,4
2020-04-09,Islington,334,12
2020-04-08,Islington,322,12
2020-04-07,Islington,310,14
2020-04-06,Islington,296,8
2020-04-05,Islington,288,5
2020-04-04,Islington,283,17
2020-04-03,Islington,266,15
2020-04-02,Islington,251,21
2020-04-01,Islington,230,17
2020-03-31,Islington,213,20
2020-03-30,Islington,193,17
2020-03-29,Islington,176,12
2020-03-28,Islington,164,7
2020-03-27,Islington,157,15
2020-03-26,Islington,142,8
2020-03-25,Islington,134,11
2020-03-24,Islington,123,19
2020-03-23,Islington,104,24
2020-03-22,Islington,80,8
2020-03-21,Islington,72,9
2020-03-20,Islington,63,3
2020-03-19,Islington,60,9
2020-03-18,Islington,51,8
2020-03-17,Islington,43,7
2020-03-16,Islington,36,5
2020-03-15,Islington,31,6
2020-03-14,Islington,25,5
2020-03-13,Islington,20,5
2020-03-12,Islington,15,10
2020-03-11,Islington,5,2
2020-03-10,Islington,3,2
2020-03-09,Islington,1,0
2020-03-08,Islington,1,1
