date,areaName,cumCasesBySpecimenDate,newCasesBySpecimenDate
2021-04-19,Kensington and Chelsea,8964,3
2021-04-18,Kensington and Chelsea,8961,3
2021-04-17,Kensington and Chelsea,8958,3
2021-04-16,Kensington and Chelsea,8955,9
2021-04-15,Kensington and Chelsea,8946,7
2021-04-14,Kensington and Chelsea,8939,7
2021-04-13,Kensington and Chelsea,8932,6
2021-04-12,Kensington and Chelsea,8926,11
2021-04-11,Kensington and Chelsea,8915,7
2021-04-10,Kensington and Chelsea,8908,3
2021-04-09,Kensington and Chelsea,8905,6
2021-04-08,Kensington and Chelsea,8899,6
2021-04-07,Kensington and Chelsea,8893,8
2021-04-06,Kensington and Chelsea,8885,8
2021-04-05,Kensington and Chelsea,8877,7
2021-04-04,Kensington and Chelsea,8870,7
2021-04-03,Kensington and Chelsea,8863,1
2021-04-02,Kensington and Chelsea,8862,7
2021-04-01,Kensington and Chelsea,8855,9
2021-03-31,Kensington and Chelsea,8846,9
2021-03-30,Kensington and Chelsea,8837,14
2021-03-29,Kensington and Chelsea,8823,7
2021-03-28,Kensington and Chelsea,8816,11
2021-03-27,Kensington and Chelsea,8805,6
2021-03-26,Kensington and Chelsea,8799,15
2021-03-25,Kensington and Chelsea,8784,5
2021-03-24,Kensington and Chelsea,8779,9
2021-03-23,Kensington and Chelsea,8770,8
2021-03-22,Kensington and Chelsea,8762,7
2021-03-21,Kensington and Chelsea,8755,7
2021-03-20,Kensington and Chelsea,8748,7
2021-03-19,Kensington and Chelsea,8741,6
2021-03-18,Kensington and Chelsea,8735,8
2021-03-17,Kensington and Chelsea,8727,3
2021-03-16,Kensington and Chelsea,8724,8
2021-03-15,Kensington and Chelsea,8716,6
2021-03-14,Kensington and Chelsea,8710,4
2021-03-13,Kensington and Chelsea,8706,4
2021-03-12,Kensington and Chelsea,8702,7
2021-03-11,Kensington and Chelsea,8695,4
2021-03-10,Kensington and Chelsea,8691,10
2021-03-09,Kensington and Chelsea,8681,7
2021-03-08,Kensington and Chelsea,8674,8
2021-03-07,Kensington and Chelsea,8666,2
2021-03-06,Kensington and Chelsea,8664,3
2021-03-05,Kensington and Chelsea,8661,7
2021-03-04,Kensington and Chelsea,8654,2
2021-03-03,Kensington and Chelsea,8652,7
2021-03-02,Kensington and Chelsea,8645,5
2021-03-01,Kensington and Chelsea,8640,8
2021-02-28,Kensington and Chelsea,8632,6
2021-02-27,Kensington and Chelsea,8626,5
2021-02-26,Kensington and Chelsea,8621,12
2021-02-25,Kensington and Chelsea,8609,10
2021-02-24,Kensington and Chelsea,8599,11
2021-02-23,Kensington and Chelsea,8588,10
2021-02-22,Kensington and Chelsea,8578,7
2021-02-21,Kensington and Chelsea,8571,9
2021-02-20,Kensington and Chelsea,8562,10
2021-02-19,Kensington and Chelsea,8552,11
2021-02-18,Kensington and Chelsea,8541,13
2021-02-17,Kensington and Chelsea,8528,21
2021-02-16,Kensington and Chelsea,8507,16
2021-02-15,Kensington and Chelsea,8491,17
2021-02-14,Kensington and Chelsea,8474,10
2021-02-13,Kensington and Chelsea,8464,14
2021-02-12,Kensington and Chelsea,8450,31
2021-02-11,Kensington and Chelsea,8419,20
2021-02-10,Kensington and Chelsea,8399,20
2021-02-09,Kensington and Chelsea,8379,21
2021-02-08,Kensington and Chelsea,8358,23
2021-02-07,Kensington and Chelsea,8335,15
2021-02-06,Kensington and Chelsea,8320,21
2021-02-05,Kensington and Chelsea,8299,31
2021-02-04,Kensington and Chelsea,8268,33
2021-02-03,Kensington and Chelsea,8235,38
2021-02-02,Kensington and Chelsea,8197,37
2021-02-01,Kensington and Chelsea,8160,40
2021-01-31,Kensington and Chelsea,8120,27
2021-01-30,Kensington and Chelsea,8093,30
2021-01-29,Kensington and Chelsea,8063,49
2021-01-28,Kensington and Chelsea,8014,49
2021-01-27,Kensington and Chelsea,7965,53
2021-01-26,Kensington and Chelsea,7912,43
2021-01-25,Kensington and Chelsea,7869,56
2021-01-24,Kensington and Chelsea,7813,35
2021-01-23,Kensington and Chelsea,7778,47
2021-01-22,Kensington and Chelsea,7731,64
2021-01-21,Kensington and Chelsea,7667,62
2021-01-20,Kensington and Chelsea,7605,63
2021-01-19,Kensington and Chelsea,7542,61
2021-01-18,Kensington and Chelsea,7481,106
2021-01-17,Kensington and Chelsea,7375,61
2021-01-16,Kensington and Chelsea,7314,74
2021-01-15,Kensington and Chelsea,7240,89
2021-01-14,Kensington and Chelsea,7151,89
2021-01-13,Kensington and Chelsea,7062,99
2021-01-12,Kensington and Chelsea,6963,119
2021-01-11,Kensington and Chelsea,6844,148
2021-01-10,Kensington and Chelsea,6696,94
2021-01-09,Kensington and Chelsea,6602,102
2021-01-08,Kensington and Chelsea,6500,142
2021-01-07,Kensington and Chelsea,6358,177
2021-01-06,Kensington and Chelsea,6181,194
2021-01-05,Kensington and Chelsea,5987,144
2021-01-04,Kensington and Chelsea,5843,183
2021-01-03,Kensington and Chelsea,5660,141
2021-01-02,Kensington and Chelsea,5519,136
2021-01-01,Kensington and Chelsea,5383,69
2020-12-31,Kensington and Chelsea,5314,143
2020-12-30,Kensington and Chelsea,5171,174
2020-12-29,Kensington and Chelsea,4997,203
2020-12-28,Kensington and Chelsea,4794,152
2020-12-27,Kensington and Chelsea,4642,138
2020-12-26,Kensington and Chelsea,4504,119
2020-12-25,Kensington and Chelsea,4385,32
2020-12-24,Kensington and Chelsea,4353,103
2020-12-23,Kensington and Chelsea,4250,137
2020-12-22,Kensington and Chelsea,4113,153
2020-12-21,Kensington and Chelsea,3960,168
2020-12-20,Kensington and Chelsea,3792,82
2020-12-19,Kensington and Chelsea,3710,81
2020-12-18,Kensington and Chelsea,3629,129
2020-12-17,Kensington and Chelsea,3500,102
2020-12-16,Kensington and Chelsea,3398,102
2020-12-15,Kensington and Chelsea,3296,91
2020-12-14,Kensington and Chelsea,3205,103
2020-12-13,Kensington and Chelsea,3102,53
2020-12-12,Kensington and Chelsea,3049,48
2020-12-11,Kensington and Chelsea,3001,61
2020-12-10,Kensington and Chelsea,2940,35
2020-12-09,Kensington and Chelsea,2905,33
2020-12-08,Kensington and Chelsea,2872,44
2020-12-07,Kensington and Chelsea,2828,35
2020-12-06,Kensington and Chelsea,2793,28
2020-12-05,Kensington and Chelsea,2765,23
2020-12-04,Kensington and Chelsea,2742,31
2020-12-03,Kensington and Chelsea,2711,25
2020-12-02,Kensington and Chelsea,2686,26
2020-12-01,Kensington and Chelsea,2660,16
2020-11-30,Kensington and Chelsea,2644,43
2020-11-29,Kensington and Chelsea,2601,17
2020-11-28,Kensington and Chelsea,2584,19
2020-11-27,Kensington and Chelsea,2565,16
2020-11-26,Kensington and Chelsea,2549,26
2020-11-25,Kensington and Chelsea,2523,25
2020-11-24,Kensington and Chelsea,2498,31
2020-11-23,Kensington and Chelsea,2467,27
2020-11-22,Kensington and Chelsea,2440,22
2020-11-21,Kensington and Chelsea,2418,15
2020-11-20,Kensington and Chelsea,2403,35
2020-11-19,Kensington and Chelsea,2368,28
2020-11-18,Kensington and Chelsea,2340,25
2020-11-17,Kensington and Chelsea,2315,39
2020-11-16,Kensington and Chelsea,2276,38
2020-11-15,Kensington and Chelsea,2238,24
2020-11-14,Kensington and Chelsea,2214,27
2020-11-13,Kensington and Chelsea,2187,23
2020-11-12,Kensington and Chelsea,2164,41
2020-11-11,Kensington and Chelsea,2123,48
2020-11-10,Kensington and Chelsea,2075,27
2020-11-09,Kensington and Chelsea,2048,42
2020-11-08,Kensington and Chelsea,2006,31
2020-11-07,Kensington and Chelsea,1975,20
2020-11-06,Kensington and Chelsea,1955,25
2020-11-05,Kensington and Chelsea,1930,21
2020-11-04,Kensington and Chelsea,1909,21
2020-11-03,Kensington and Chelsea,1888,27
2020-11-02,Kensington and Chelsea,1861,36
2020-11-01,Kensington and Chelsea,1825,17
2020-10-31,Kensington and Chelsea,1808,18
2020-10-30,Kensington and Chelsea,1790,26
2020-10-29,Kensington and Chelsea,1764,38
2020-10-28,Kensington and Chelsea,1726,37
2020-10-27,Kensington and Chelsea,1689,27
2020-10-26,Kensington and Chelsea,1662,32
2020-10-25,Kensington and Chelsea,1630,20
2020-10-24,Kensington and Chelsea,1610,23
2020-10-23,Kensington and Chelsea,1587,33
2020-10-22,Kensington and Chelsea,1554,38
2020-10-21,Kensington and Chelsea,1516,45
2020-10-20,Kensington and Chelsea,1471,56
2020-10-19,Kensington and Chelsea,1415,45
2020-10-18,Kensington and Chelsea,1370,20
2020-10-17,Kensington and Chelsea,1350,25
2020-10-16,Kensington and Chelsea,1325,29
2020-10-15,Kensington and Chelsea,1296,45
2020-10-14,Kensington and Chelsea,1251,32
2020-10-13,Kensington and Chelsea,1219,31
2020-10-12,Kensington and Chelsea,1188,37
2020-10-11,Kensington and Chelsea,1151,8
2020-10-10,Kensington and Chelsea,1143,7
2020-10-09,Kensington and Chelsea,1136,24
2020-10-08,Kensington and Chelsea,1112,29
2020-10-07,Kensington and Chelsea,1083,30
2020-10-06,Kensington and Chelsea,1053,25
2020-10-05,Kensington and Chelsea,1028,24
2020-10-04,Kensington and Chelsea,1004,14
2020-10-03,Kensington and Chelsea,990,21
2020-10-02,Kensington and Chelsea,969,30
2020-10-01,Kensington and Chelsea,939,16
2020-09-30,Kensington and Chelsea,923,17
2020-09-29,Kensington and Chelsea,906,17
2020-09-28,Kensington and Chelsea,889,14
2020-09-27,Kensington and Chelsea,875,5
2020-09-26,Kensington and Chelsea,870,6
2020-09-25,Kensington and Chelsea,864,4
2020-09-24,Kensington and Chelsea,860,7
2020-09-23,Kensington and Chelsea,853,12
2020-09-22,Kensington and Chelsea,841,5
2020-09-21,Kensington and Chelsea,836,6
2020-09-20,Kensington and Chelsea,830,6
2020-09-19,Kensington and Chelsea,824,2
2020-09-18,Kensington and Chelsea,822,6
2020-09-17,Kensington and Chelsea,816,4
2020-09-16,Kensington and Chelsea,812,5
2020-09-15,Kensington and Chelsea,807,10
2020-09-14,Kensington and Chelsea,797,5
2020-09-13,Kensington and Chelsea,792,0
2020-09-12,Kensington and Chelsea,792,2
2020-09-11,Kensington and Chelsea,790,10
2020-09-10,Kensington and Chelsea,780,9
2020-09-09,Kensington and Chelsea,771,10
2020-09-08,Kensington and Chelsea,761,3
2020-09-07,Kensington and Chelsea,758,8
2020-09-06,Kensington and Chelsea,750,7
2020-09-05,Kensington and Chelsea,743,4
2020-09-04,Kensington and Chelsea,739,7
2020-09-03,Kensington and Chelsea,732,9
2020-09-02,Kensington and Chelsea,723,12
2020-09-01,Kensington and Chelsea,711,8
2020-08-31,Kensington and Chelsea,703,5
2020-08-30,Kensington and Chelsea,698,7
2020-08-29,Kensington and Chelsea,691,2
2020-08-28,Kensington and Chelsea,689,6
2020-08-27,Kensington and Chelsea,683,8
2020-08-26,Kensington and Chelsea,675,5
2020-08-25,Kensington and Chelsea,670,6
2020-08-24,Kensington and Chelsea,664,12
2020-08-23,Kensington and Chelsea,652,3
2020-08-22,Kensington and Chelsea,649,2
2020-08-21,Kensington and Chelsea,647,3
2020-08-20,Kensington and Chelsea,644,7
2020-08-19,Kensington and Chelsea,637,4
2020-08-18,Kensington and Chelsea,633,2
2020-08-17,Kensington and Chelsea,631,4
2020-08-16,Kensington and Chelsea,627,2
2020-08-15,Kensington and Chelsea,625,1
2020-08-14,Kensington and Chelsea,624,1
2020-08-13,Kensington and Chelsea,623,5
2020-08-12,Kensington and Chelsea,618,5
2020-08-11,Kensington and Chelsea,613,3
2020-08-10,Kensington and Chelsea,610,4
2020-08-09,Kensington and Chelsea,606,4
2020-08-08,Kensington and Chelsea,602,3
2020-08-07,Kensington and Chelsea,599,0
2020-08-06,Kensington and Chelsea,599,2
2020-08-05,Kensington and Chelsea,597,1
2020-08-04,Kensington and Chelsea,596,2
2020-08-03,Kensington and Chelsea,594,1
2020-08-02,Kensington and Chelsea,593,1
2020-08-01,Kensington and Chelsea,592,1
2020-07-31,Kensington and Chelsea,591,3
2020-07-30,Kensington and Chelsea,588,0
2020-07-29,Kensington and Chelsea,588,2
2020-07-28,Kensington and Chelsea,586,3
2020-07-27,Kensington and Chelsea,583,1
2020-07-26,Kensington and Chelsea,582,1
2020-07-25,Kensington and Chelsea,581,1
2020-07-24,Kensington and Chelsea,580,4
2020-07-23,Kensington and Chelsea,576,0
2020-07-22,Kensington and Chelsea,576,2
2020-07-21,Kensington and Chelsea,574,3
2020-07-20,Kensington and Chelsea,571,2
2020-07-19,Kensington and Chelsea,569,1
2020-07-18,Kensington and Chelsea,568,0
2020-07-17,Kensington and Chelsea,568,1
2020-07-16,Kensington and Chelsea,567,1
2020-07-15,Kensington and Chelsea,566,3
2020-07-14,Kensington and Chelsea,563,0
2020-07-13,Kensington and Chelsea,563,0
2020-07-12,Kensington and Chelsea,563,0
2020-07-11,Kensington and Chelsea,563,0
2020-07-10,Kensington and Chelsea,563,1
2020-07-09,Kensington and Chelsea,562,0
2020-07-08,Kensington and Chelsea,562,1
2020-07-07,Kensington and Chelsea,561,1
2020-07-06,Kensington and Chelsea,560,1
2020-07-05,Kensington and Chelsea,559,0
2020-07-04,Kensington and Chelsea,559,0
2020-07-03,Kensington and Chelsea,559,1
2020-07-02,Kensington and Chelsea,558,0
2020-07-01,Kensington and Chelsea,558,0
2020-06-30,Kensington and Chelsea,558,1
2020-06-29,Kensington and Chelsea,557,0
2020-06-28,Kensington and Chelsea,557,0
2020-06-27,Kensington and Chelsea,557,0
2020-06-26,Kensington and Chelsea,557,0
2020-06-25,Kensington and Chelsea,557,1
2020-06-24,Kensington and Chelsea,556,3
2020-06-23,Kensington and Chelsea,553,2
2020-06-22,Kensington and Chelsea,551,2
2020-06-21,Kensington and Chelsea,549,0
2020-06-20,Kensington and Chelsea,549,0
2020-06-19,Kensington and Chelsea,549,1
2020-06-18,Kensington and Chelsea,548,0
2020-06-17,Kensington and Chelsea,548,6
2020-06-16,Kensington and Chelsea,542,1
2020-06-15,Kensington and Chelsea,541,0
2020-06-14,Kensington and Chelsea,541,2
2020-06-13,Kensington and Chelsea,539,0
2020-06-12,Kensington and Chelsea,539,1
2020-06-11,Kensington and Chelsea,538,0
2020-06-10,Kensington and Chelsea,538,0
2020-06-09,Kensington and Chelsea,538,0
2020-06-08,Kensington and Chelsea,538,1
2020-06-07,Kensington and Chelsea,537,3
2020-06-06,Kensington and Chelsea,534,1
2020-06-05,Kensington and Chelsea,533,0
2020-06-04,Kensington and Chelsea,533,0
2020-06-03,Kensington and Chelsea,533,0
2020-06-02,Kensington and Chelsea,533,0
2020-06-01,Kensington and Chelsea,533,1
2020-05-31,Kensington and Chelsea,532,0
2020-05-30,Kensington and Chelsea,532,1
2020-05-29,Kensington and Chelsea,531,2
2020-05-28,Kensington and Chelsea,529,1
2020-05-27,Kensington and Chelsea,528,0
2020-05-26,Kensington and Chelsea,528,1
2020-05-25,Kensington and Chelsea,527,0
2020-05-24,Kensington and Chelsea,527,1
2020-05-23,Kensington and Chelsea,526,1
2020-05-22,Kensington and Chelsea,525,0
2020-05-21,Kensington and Chelsea,525,5
2020-05-20,Kensington and Chelsea,520,1
2020-05-19,Kensington and Chelsea,519,0
2020-05-18,Kensington and Chelsea,519,2
2020-05-17,Kensington and Chelsea,517,2
2020-05-16,Kensington and Chelsea,515,0
2020-05-15,Kensington and Chelsea,515,1
2020-05-14,Kensington and Chelsea,514,0
2020-05-13,Kensington and Chelsea,514,1
2020-05-12,Kensington and Chelsea,513,2
2020-05-11,Kensington and Chelsea,511,1
2020-05-10,Kensington and Chelsea,510,0
2020-05-09,Kensington and Chelsea,510,2
2020-05-08,Kensington and Chelsea,508,2
2020-05-07,Kensington and Chelsea,506,4
2020-05-06,Kensington and Chelsea,502,3
2020-05-05,Kensington and Chelsea,499,1
2020-05-04,Kensington and Chelsea,498,1
2020-05-03,Kensington and Chelsea,497,3
2020-05-02,Kensington and Chelsea,494,2
2020-05-01,Kensington and Chelsea,492,5
2020-04-30,Kensington and Chelsea,487,5
2020-04-29,Kensington and Chelsea,482,2
2020-04-28,Kensington and Chelsea,480,3
2020-04-27,Kensington and Chelsea,477,5
2020-04-26,Kensington and Chelsea,472,3
2020-04-25,Kensington and Chelsea,469,5
2020-04-24,Kensington and Chelsea,464,0
2020-04-23,Kensington and Chelsea,464,6
2020-04-22,Kensington and Chelsea,458,17
2020-04-21,Kensington and Chelsea,441,6
2020-04-20,Kensington and Chelsea,435,7
2020-04-19,Kensington and Chelsea,428,1
2020-04-18,Kensington and Chelsea,427,6
2020-04-17,Kensington and Chelsea,421,8
2020-04-16,Kensington and Chelsea,413,9
2020-04-15,Kensington and Chelsea,404,6
2020-04-14,Kensington and Chelsea,398,7
2020-04-13,Kensington and Chelsea,391,7
2020-04-12,Kensington and Chelsea,384,3
2020-04-11,Kensington and Chelsea,381,4
2020-04-10,Kensington and Chelsea,377,11
2020-04-09,Kensington and Chelsea,366,18
2020-04-08,Kensington and Chelsea,348,20
2020-04-07,Kensington and Chelsea,328,19
2020-04-06,Kensington and Chelsea,309,11
2020-04-05,Kensington and Chelsea,298,6
2020-04-04,Kensington and Chelsea,292,7
2020-04-03,Kensington and Chelsea,285,14
2020-04-02,Kensington and Chelsea,271,21
2020-04-01,Kensington and Chelsea,250,16
2020-03-31,Kensington and Chelsea,234,19
2020-03-30,Kensington and Chelsea,215,23
2020-03-29,Kensington and Chelsea,192,9
2020-03-28,Kensington and Chelsea,183,9
2020-03-27,Kensington and Chelsea,174,20
2020-03-26,Kensington and Chelsea,154,24
2020-03-25,Kensington and Chelsea,130,14
2020-03-24,Kensington and Chelsea,116,8
2020-03-23,Kensington and Chelsea,108,9
2020-03-22,Kensington and Chelsea,99,6
2020-03-21,Kensington and Chelsea,93,5
2020-03-20,Kensington and Chelsea,88,5
2020-03-19,Kensington and Chelsea,83,5
2020-03-18,Kensington and Chelsea,78,8
2020-03-17,Kensington and Chelsea,70,7
2020-03-16,Kensington and Chelsea,63,6
2020-03-15,Kensington and Chelsea,57,1
2020-03-14,Kensington and Chelsea,56,4
2020-03-13,Kensington and Chelsea,52,3
2020-03-12,Kensington and Chelsea,49,6
2020-03-11,Kensington and Chelsea,43,10
2020-03-10,Kensington and Chelsea,33,10
2020-03-09,Kensington and Chelsea,23,4
2020-03-08,Kensington and Chelsea,19,2
2020-03-07,Kensington and Chelsea,17,1
2020-03-06,Kensington and Chelsea,16,0
2020-03-05,Kensington and Chelsea,16,6
2020-03-04,Kensington and Chelsea,10,4
2020-03-03,Kensington and Chelsea,6,0
2020-03-02,Kensington and Chelsea,6,4
2020-03-01,Kensington and Chelsea,2,0
2020-02-29,Kensington and Chelsea,2,0
2020-02-28,Kensington and Chelsea,2,1
2020-02-27,Kensington and Chelsea,1,1
