date,areaName,cumCasesBySpecimenDate,newCasesBySpecimenDate
2021-04-19,Kingston upon Thames,12219,4
2021-04-18,Kingston upon Thames,12215,8
2021-04-17,Kingston upon Thames,12207,0
2021-04-16,Kingston upon Thames,12207,4
2021-04-15,Kingston upon Thames,12203,4
2021-04-14,Kingston upon Thames,12199,4
2021-04-13,Kingston upon Thames,12195,4
2021-04-12,Kingston upon Thames,12191,3
2021-04-11,Kingston upon Thames,12188,9
2021-04-10,Kingston upon Thames,12179,14
2021-04-09,Kingston upon Thames,12165,5
2021-04-08,Kingston upon Thames,12160,4
2021-04-07,Kingston upon Thames,12156,13
2021-04-06,Kingston upon Thames,12143,7
2021-04-05,Kingston upon Thames,12136,4
2021-04-04,Kingston upon Thames,12132,7
2021-04-03,Kingston upon Thames,12125,6
2021-04-02,Kingston upon Thames,12119,7
2021-04-01,Kingston upon Thames,12112,8
2021-03-31,Kingston upon Thames,12104,7
2021-03-30,Kingston upon Thames,12097,10
2021-03-29,Kingston upon Thames,12087,7
2021-03-28,Kingston upon Thames,12080,14
2021-03-27,Kingston upon Thames,12066,7
2021-03-26,Kingston upon Thames,12059,7
2021-03-25,Kingston upon Thames,12052,14
2021-03-24,Kingston upon Thames,12038,3
2021-03-23,Kingston upon Thames,12035,11
2021-03-22,Kingston upon Thames,12024,13
2021-03-21,Kingston upon Thames,12011,11
2021-03-20,Kingston upon Thames,12000,9
2021-03-19,Kingston upon Thames,11991,5
2021-03-18,Kingston upon Thames,11986,10
2021-03-17,Kingston upon Thames,11976,15
2021-03-16,Kingston upon Thames,11961,16
2021-03-15,Kingston upon Thames,11945,15
2021-03-14,Kingston upon Thames,11930,8
2021-03-13,Kingston upon Thames,11922,8
2021-03-12,Kingston upon Thames,11914,10
2021-03-11,Kingston upon Thames,11904,19
2021-03-10,Kingston upon Thames,11885,11
2021-03-09,Kingston upon Thames,11874,16
2021-03-08,Kingston upon Thames,11858,18
2021-03-07,Kingston upon Thames,11840,10
2021-03-06,Kingston upon Thames,11830,14
2021-03-05,Kingston upon Thames,11816,19
2021-03-04,Kingston upon Thames,11797,10
2021-03-03,Kingston upon Thames,11787,11
2021-03-02,Kingston upon Thames,11776,10
2021-03-01,Kingston upon Thames,11766,14
2021-02-28,Kingston upon Thames,11752,9
2021-02-27,Kingston upon Thames,11743,4
2021-02-26,Kingston upon Thames,11739,7
2021-02-25,Kingston upon Thames,11732,12
2021-02-24,Kingston upon Thames,11720,8
2021-02-23,Kingston upon Thames,11712,17
2021-02-22,Kingston upon Thames,11695,11
2021-02-21,Kingston upon Thames,11684,8
2021-02-20,Kingston upon Thames,11676,7
2021-02-19,Kingston upon Thames,11669,21
2021-02-18,Kingston upon Thames,11648,19
2021-02-17,Kingston upon Thames,11629,22
2021-02-16,Kingston upon Thames,11607,22
2021-02-15,Kingston upon Thames,11585,33
2021-02-14,Kingston upon Thames,11552,21
2021-02-13,Kingston upon Thames,11531,24
2021-02-12,Kingston upon Thames,11507,36
2021-02-11,Kingston upon Thames,11471,28
2021-02-10,Kingston upon Thames,11443,26
2021-02-09,Kingston upon Thames,11417,35
2021-02-08,Kingston upon Thames,11382,32
2021-02-07,Kingston upon Thames,11350,27
2021-02-06,Kingston upon Thames,11323,26
2021-02-05,Kingston upon Thames,11297,49
2021-02-04,Kingston upon Thames,11248,61
2021-02-03,Kingston upon Thames,11187,40
2021-02-02,Kingston upon Thames,11147,66
2021-02-01,Kingston upon Thames,11081,70
2021-01-31,Kingston upon Thames,11011,31
2021-01-30,Kingston upon Thames,10980,34
2021-01-29,Kingston upon Thames,10946,59
2021-01-28,Kingston upon Thames,10887,70
2021-01-27,Kingston upon Thames,10817,77
2021-01-26,Kingston upon Thames,10740,109
2021-01-25,Kingston upon Thames,10631,108
2021-01-24,Kingston upon Thames,10523,43
2021-01-23,Kingston upon Thames,10480,68
2021-01-22,Kingston upon Thames,10412,72
2021-01-21,Kingston upon Thames,10340,89
2021-01-20,Kingston upon Thames,10251,101
2021-01-19,Kingston upon Thames,10150,99
2021-01-18,Kingston upon Thames,10051,124
2021-01-17,Kingston upon Thames,9927,100
2021-01-16,Kingston upon Thames,9827,87
2021-01-15,Kingston upon Thames,9740,93
2021-01-14,Kingston upon Thames,9647,98
2021-01-13,Kingston upon Thames,9549,111
2021-01-12,Kingston upon Thames,9438,136
2021-01-11,Kingston upon Thames,9302,148
2021-01-10,Kingston upon Thames,9154,91
2021-01-09,Kingston upon Thames,9063,108
2021-01-08,Kingston upon Thames,8955,122
2021-01-07,Kingston upon Thames,8833,170
2021-01-06,Kingston upon Thames,8663,166
2021-01-05,Kingston upon Thames,8497,188
2021-01-04,Kingston upon Thames,8309,238
2021-01-03,Kingston upon Thames,8071,175
2021-01-02,Kingston upon Thames,7896,198
2021-01-01,Kingston upon Thames,7698,120
2020-12-31,Kingston upon Thames,7578,212
2020-12-30,Kingston upon Thames,7366,278
2020-12-29,Kingston upon Thames,7088,320
2020-12-28,Kingston upon Thames,6768,164
2020-12-27,Kingston upon Thames,6604,193
2020-12-26,Kingston upon Thames,6411,197
2020-12-25,Kingston upon Thames,6214,58
2020-12-24,Kingston upon Thames,6156,175
2020-12-23,Kingston upon Thames,5981,186
2020-12-22,Kingston upon Thames,5795,204
2020-12-21,Kingston upon Thames,5591,188
2020-12-20,Kingston upon Thames,5403,145
2020-12-19,Kingston upon Thames,5258,106
2020-12-18,Kingston upon Thames,5152,157
2020-12-17,Kingston upon Thames,4995,167
2020-12-16,Kingston upon Thames,4828,149
2020-12-15,Kingston upon Thames,4679,152
2020-12-14,Kingston upon Thames,4527,163
2020-12-13,Kingston upon Thames,4364,98
2020-12-12,Kingston upon Thames,4266,98
2020-12-11,Kingston upon Thames,4168,100
2020-12-10,Kingston upon Thames,4068,112
2020-12-09,Kingston upon Thames,3956,74
2020-12-08,Kingston upon Thames,3882,77
2020-12-07,Kingston upon Thames,3805,77
2020-12-06,Kingston upon Thames,3728,64
2020-12-05,Kingston upon Thames,3664,55
2020-12-04,Kingston upon Thames,3609,54
2020-12-03,Kingston upon Thames,3555,54
2020-12-02,Kingston upon Thames,3501,80
2020-12-01,Kingston upon Thames,3421,63
2020-11-30,Kingston upon Thames,3358,70
2020-11-29,Kingston upon Thames,3288,27
2020-11-28,Kingston upon Thames,3261,50
2020-11-27,Kingston upon Thames,3211,33
2020-11-26,Kingston upon Thames,3178,53
2020-11-25,Kingston upon Thames,3125,62
2020-11-24,Kingston upon Thames,3063,43
2020-11-23,Kingston upon Thames,3020,44
2020-11-22,Kingston upon Thames,2976,41
2020-11-21,Kingston upon Thames,2935,30
2020-11-20,Kingston upon Thames,2905,22
2020-11-19,Kingston upon Thames,2883,38
2020-11-18,Kingston upon Thames,2845,39
2020-11-17,Kingston upon Thames,2806,55
2020-11-16,Kingston upon Thames,2751,43
2020-11-15,Kingston upon Thames,2708,38
2020-11-14,Kingston upon Thames,2670,37
2020-11-13,Kingston upon Thames,2633,42
2020-11-12,Kingston upon Thames,2591,66
2020-11-11,Kingston upon Thames,2525,57
2020-11-10,Kingston upon Thames,2468,57
2020-11-09,Kingston upon Thames,2411,49
2020-11-08,Kingston upon Thames,2362,29
2020-11-07,Kingston upon Thames,2333,49
2020-11-06,Kingston upon Thames,2284,31
2020-11-05,Kingston upon Thames,2253,39
2020-11-04,Kingston upon Thames,2214,33
2020-11-03,Kingston upon Thames,2181,35
2020-11-02,Kingston upon Thames,2146,48
2020-11-01,Kingston upon Thames,2098,24
2020-10-31,Kingston upon Thames,2074,30
2020-10-30,Kingston upon Thames,2044,29
2020-10-29,Kingston upon Thames,2015,40
2020-10-28,Kingston upon Thames,1975,36
2020-10-27,Kingston upon Thames,1939,45
2020-10-26,Kingston upon Thames,1894,64
2020-10-25,Kingston upon Thames,1830,26
2020-10-24,Kingston upon Thames,1804,29
2020-10-23,Kingston upon Thames,1775,46
2020-10-22,Kingston upon Thames,1729,53
2020-10-21,Kingston upon Thames,1676,77
2020-10-20,Kingston upon Thames,1599,65
2020-10-19,Kingston upon Thames,1534,56
2020-10-18,Kingston upon Thames,1478,40
2020-10-17,Kingston upon Thames,1438,25
2020-10-16,Kingston upon Thames,1413,34
2020-10-15,Kingston upon Thames,1379,38
2020-10-14,Kingston upon Thames,1341,57
2020-10-13,Kingston upon Thames,1284,28
2020-10-12,Kingston upon Thames,1256,24
2020-10-11,Kingston upon Thames,1232,15
2020-10-10,Kingston upon Thames,1217,14
2020-10-09,Kingston upon Thames,1203,26
2020-10-08,Kingston upon Thames,1177,26
2020-10-07,Kingston upon Thames,1151,27
2020-10-06,Kingston upon Thames,1124,22
2020-10-05,Kingston upon Thames,1102,19
2020-10-04,Kingston upon Thames,1083,12
2020-10-03,Kingston upon Thames,1071,20
2020-10-02,Kingston upon Thames,1051,23
2020-10-01,Kingston upon Thames,1028,16
2020-09-30,Kingston upon Thames,1012,13
2020-09-29,Kingston upon Thames,999,10
2020-09-28,Kingston upon Thames,989,16
2020-09-27,Kingston upon Thames,973,8
2020-09-26,Kingston upon Thames,965,12
2020-09-25,Kingston upon Thames,953,6
2020-09-24,Kingston upon Thames,947,11
2020-09-23,Kingston upon Thames,936,5
2020-09-22,Kingston upon Thames,931,5
2020-09-21,Kingston upon Thames,926,5
2020-09-20,Kingston upon Thames,921,5
2020-09-19,Kingston upon Thames,916,5
2020-09-18,Kingston upon Thames,911,4
2020-09-17,Kingston upon Thames,907,5
2020-09-16,Kingston upon Thames,902,5
2020-09-15,Kingston upon Thames,897,4
2020-09-14,Kingston upon Thames,893,1
2020-09-13,Kingston upon Thames,892,2
2020-09-12,Kingston upon Thames,890,10
2020-09-11,Kingston upon Thames,880,4
2020-09-10,Kingston upon Thames,876,6
2020-09-09,Kingston upon Thames,870,2
2020-09-08,Kingston upon Thames,868,5
2020-09-07,Kingston upon Thames,863,6
2020-09-06,Kingston upon Thames,857,2
2020-09-05,Kingston upon Thames,855,4
2020-09-04,Kingston upon Thames,851,4
2020-09-03,Kingston upon Thames,847,4
2020-09-02,Kingston upon Thames,843,3
2020-09-01,Kingston upon Thames,840,1
2020-08-31,Kingston upon Thames,839,8
2020-08-30,Kingston upon Thames,831,7
2020-08-29,Kingston upon Thames,824,2
2020-08-28,Kingston upon Thames,822,2
2020-08-27,Kingston upon Thames,820,4
2020-08-26,Kingston upon Thames,816,3
2020-08-25,Kingston upon Thames,813,4
2020-08-24,Kingston upon Thames,809,2
2020-08-23,Kingston upon Thames,807,3
2020-08-22,Kingston upon Thames,804,1
2020-08-21,Kingston upon Thames,803,2
2020-08-20,Kingston upon Thames,801,1
2020-08-19,Kingston upon Thames,800,3
2020-08-18,Kingston upon Thames,797,2
2020-08-17,Kingston upon Thames,795,3
2020-08-16,Kingston upon Thames,792,4
2020-08-15,Kingston upon Thames,788,3
2020-08-14,Kingston upon Thames,785,2
2020-08-13,Kingston upon Thames,783,4
2020-08-12,Kingston upon Thames,779,4
2020-08-11,Kingston upon Thames,775,4
2020-08-10,Kingston upon Thames,771,3
2020-08-09,Kingston upon Thames,768,3
2020-08-08,Kingston upon Thames,765,3
2020-08-07,Kingston upon Thames,762,1
2020-08-06,Kingston upon Thames,761,1
2020-08-05,Kingston upon Thames,760,3
2020-08-04,Kingston upon Thames,757,2
2020-08-03,Kingston upon Thames,755,2
2020-08-02,Kingston upon Thames,753,0
2020-08-01,Kingston upon Thames,753,1
2020-07-31,Kingston upon Thames,752,0
2020-07-30,Kingston upon Thames,752,2
2020-07-29,Kingston upon Thames,750,0
2020-07-28,Kingston upon Thames,750,0
2020-07-27,Kingston upon Thames,750,0
2020-07-26,Kingston upon Thames,750,1
2020-07-25,Kingston upon Thames,749,1
2020-07-24,Kingston upon Thames,748,0
2020-07-23,Kingston upon Thames,748,1
2020-07-22,Kingston upon Thames,747,0
2020-07-21,Kingston upon Thames,747,2
2020-07-20,Kingston upon Thames,745,1
2020-07-19,Kingston upon Thames,744,0
2020-07-18,Kingston upon Thames,744,0
2020-07-17,Kingston upon Thames,744,1
2020-07-16,Kingston upon Thames,743,1
2020-07-15,Kingston upon Thames,742,0
2020-07-14,Kingston upon Thames,742,1
2020-07-13,Kingston upon Thames,741,2
2020-07-12,Kingston upon Thames,739,0
2020-07-11,Kingston upon Thames,739,1
2020-07-10,Kingston upon Thames,738,2
2020-07-09,Kingston upon Thames,736,0
2020-07-08,Kingston upon Thames,736,0
2020-07-07,Kingston upon Thames,736,0
2020-07-06,Kingston upon Thames,736,1
2020-07-05,Kingston upon Thames,735,1
2020-07-04,Kingston upon Thames,734,1
2020-07-03,Kingston upon Thames,733,1
2020-07-02,Kingston upon Thames,732,1
2020-07-01,Kingston upon Thames,731,1
2020-06-30,Kingston upon Thames,730,1
2020-06-29,Kingston upon Thames,729,0
2020-06-28,Kingston upon Thames,729,0
2020-06-27,Kingston upon Thames,729,0
2020-06-26,Kingston upon Thames,729,0
2020-06-25,Kingston upon Thames,729,2
2020-06-24,Kingston upon Thames,727,1
2020-06-23,Kingston upon Thames,726,0
2020-06-22,Kingston upon Thames,726,0
2020-06-21,Kingston upon Thames,726,0
2020-06-20,Kingston upon Thames,726,0
2020-06-19,Kingston upon Thames,726,0
2020-06-18,Kingston upon Thames,726,0
2020-06-17,Kingston upon Thames,726,1
2020-06-16,Kingston upon Thames,725,1
2020-06-15,Kingston upon Thames,724,0
2020-06-14,Kingston upon Thames,724,0
2020-06-13,Kingston upon Thames,724,2
2020-06-12,Kingston upon Thames,722,2
2020-06-11,Kingston upon Thames,720,1
2020-06-10,Kingston upon Thames,719,1
2020-06-09,Kingston upon Thames,718,2
2020-06-08,Kingston upon Thames,716,2
2020-06-07,Kingston upon Thames,714,2
2020-06-06,Kingston upon Thames,712,2
2020-06-05,Kingston upon Thames,710,0
2020-06-04,Kingston upon Thames,710,3
2020-06-03,Kingston upon Thames,707,2
2020-06-02,Kingston upon Thames,705,1
2020-06-01,Kingston upon Thames,704,1
2020-05-31,Kingston upon Thames,703,0
2020-05-30,Kingston upon Thames,703,1
2020-05-29,Kingston upon Thames,702,5
2020-05-28,Kingston upon Thames,697,1
2020-05-27,Kingston upon Thames,696,1
2020-05-26,Kingston upon Thames,695,2
2020-05-25,Kingston upon Thames,693,3
2020-05-24,Kingston upon Thames,690,1
2020-05-23,Kingston upon Thames,689,0
2020-05-22,Kingston upon Thames,689,4
2020-05-21,Kingston upon Thames,685,4
2020-05-20,Kingston upon Thames,681,7
2020-05-19,Kingston upon Thames,674,2
2020-05-18,Kingston upon Thames,672,2
2020-05-17,Kingston upon Thames,670,0
2020-05-16,Kingston upon Thames,670,1
2020-05-15,Kingston upon Thames,669,3
2020-05-14,Kingston upon Thames,666,12
2020-05-13,Kingston upon Thames,654,8
2020-05-12,Kingston upon Thames,646,9
2020-05-11,Kingston upon Thames,637,9
2020-05-10,Kingston upon Thames,628,9
2020-05-09,Kingston upon Thames,619,2
2020-05-08,Kingston upon Thames,617,4
2020-05-07,Kingston upon Thames,613,6
2020-05-06,Kingston upon Thames,607,5
2020-05-05,Kingston upon Thames,602,5
2020-05-04,Kingston upon Thames,597,8
2020-05-03,Kingston upon Thames,589,5
2020-05-02,Kingston upon Thames,584,12
2020-05-01,Kingston upon Thames,572,9
2020-04-30,Kingston upon Thames,563,16
2020-04-29,Kingston upon Thames,547,19
2020-04-28,Kingston upon Thames,528,3
2020-04-27,Kingston upon Thames,525,10
2020-04-26,Kingston upon Thames,515,5
2020-04-25,Kingston upon Thames,510,5
2020-04-24,Kingston upon Thames,505,7
2020-04-23,Kingston upon Thames,498,18
2020-04-22,Kingston upon Thames,480,10
2020-04-21,Kingston upon Thames,470,16
2020-04-20,Kingston upon Thames,454,10
2020-04-19,Kingston upon Thames,444,10
2020-04-18,Kingston upon Thames,434,20
2020-04-17,Kingston upon Thames,414,22
2020-04-16,Kingston upon Thames,392,19
2020-04-15,Kingston upon Thames,373,17
2020-04-14,Kingston upon Thames,356,19
2020-04-13,Kingston upon Thames,337,13
2020-04-12,Kingston upon Thames,324,23
2020-04-11,Kingston upon Thames,301,4
2020-04-10,Kingston upon Thames,297,10
2020-04-09,Kingston upon Thames,287,19
2020-04-08,Kingston upon Thames,268,21
2020-04-07,Kingston upon Thames,247,18
2020-04-06,Kingston upon Thames,229,13
2020-04-05,Kingston upon Thames,216,9
2020-04-04,Kingston upon Thames,207,11
2020-04-03,Kingston upon Thames,196,20
2020-04-02,Kingston upon Thames,176,16
2020-04-01,Kingston upon Thames,160,9
2020-03-31,Kingston upon Thames,151,12
2020-03-30,Kingston upon Thames,139,19
2020-03-29,Kingston upon Thames,120,13
2020-03-28,Kingston upon Thames,107,6
2020-03-27,Kingston upon Thames,101,11
2020-03-26,Kingston upon Thames,90,13
2020-03-25,Kingston upon Thames,77,13
2020-03-24,Kingston upon Thames,64,16
2020-03-23,Kingston upon Thames,48,11
2020-03-22,Kingston upon Thames,37,1
2020-03-21,Kingston upon Thames,36,1
2020-03-20,Kingston upon Thames,35,6
2020-03-19,Kingston upon Thames,29,6
2020-03-18,Kingston upon Thames,23,2
2020-03-17,Kingston upon Thames,21,6
2020-03-16,Kingston upon Thames,15,5
2020-03-15,Kingston upon Thames,10,2
2020-03-14,Kingston upon Thames,8,3
2020-03-13,Kingston upon Thames,5,1
2020-03-12,Kingston upon Thames,4,1
2020-03-11,Kingston upon Thames,3,1
2020-03-10,Kingston upon Thames,2,0
2020-03-09,Kingston upon Thames,2,0
2020-03-08,Kingston upon Thames,2,1
2020-03-07,Kingston upon Thames,1,0
2020-03-06,Kingston upon Thames,1,0
2020-03-05,Kingston upon Thames,1,0
2020-03-04,Kingston upon Thames,1,0
2020-03-03,Kingston upon Thames,1,0
2020-03-02,Kingston upon Thames,1,0
2020-03-01,Kingston upon Thames,1,0
2020-02-29,Kingston upon Thames,1,1
