date,areaName,cumCasesBySpecimenDate,newCasesBySpecimenDate
2021-04-19,Lambeth,24180,7
2021-04-18,Lambeth,24173,10
2021-04-17,Lambeth,24163,7
2021-04-16,Lambeth,24156,5
2021-04-15,Lambeth,24151,11
2021-04-14,Lambeth,24140,6
2021-04-13,Lambeth,24134,12
2021-04-12,Lambeth,24122,6
2021-04-11,Lambeth,24116,7
2021-04-10,Lambeth,24109,5
2021-04-09,Lambeth,24104,8
2021-04-08,Lambeth,24096,7
2021-04-07,Lambeth,24089,12
2021-04-06,Lambeth,24077,2
2021-04-05,Lambeth,24075,2
2021-04-04,Lambeth,24073,5
2021-04-03,Lambeth,24068,2
2021-04-02,Lambeth,24066,3
2021-04-01,Lambeth,24063,10
2021-03-31,Lambeth,24053,6
2021-03-30,Lambeth,24047,11
2021-03-29,Lambeth,24036,10
2021-03-28,Lambeth,24026,11
2021-03-27,Lambeth,24015,5
2021-03-26,Lambeth,24010,7
2021-03-25,Lambeth,24003,14
2021-03-24,Lambeth,23989,16
2021-03-23,Lambeth,23973,13
2021-03-22,Lambeth,23960,20
2021-03-21,Lambeth,23940,15
2021-03-20,Lambeth,23925,9
2021-03-19,Lambeth,23916,13
2021-03-18,Lambeth,23903,15
2021-03-17,Lambeth,23888,9
2021-03-16,Lambeth,23879,12
2021-03-15,Lambeth,23867,27
2021-03-14,Lambeth,23840,11
2021-03-13,Lambeth,23829,16
2021-03-12,Lambeth,23813,8
2021-03-11,Lambeth,23805,14
2021-03-10,Lambeth,23791,16
2021-03-09,Lambeth,23775,15
2021-03-08,Lambeth,23760,20
2021-03-07,Lambeth,23740,11
2021-03-06,Lambeth,23729,13
2021-03-05,Lambeth,23716,17
2021-03-04,Lambeth,23699,14
2021-03-03,Lambeth,23685,23
2021-03-02,Lambeth,23662,19
2021-03-01,Lambeth,23643,18
2021-02-28,Lambeth,23625,12
2021-02-27,Lambeth,23613,21
2021-02-26,Lambeth,23592,21
2021-02-25,Lambeth,23571,21
2021-02-24,Lambeth,23550,19
2021-02-23,Lambeth,23531,21
2021-02-22,Lambeth,23510,29
2021-02-21,Lambeth,23481,16
2021-02-20,Lambeth,23465,27
2021-02-19,Lambeth,23438,28
2021-02-18,Lambeth,23410,49
2021-02-17,Lambeth,23361,25
2021-02-16,Lambeth,23336,55
2021-02-15,Lambeth,23281,42
2021-02-14,Lambeth,23239,24
2021-02-13,Lambeth,23215,34
2021-02-12,Lambeth,23181,50
2021-02-11,Lambeth,23131,43
2021-02-10,Lambeth,23088,76
2021-02-09,Lambeth,23012,59
2021-02-08,Lambeth,22953,67
2021-02-07,Lambeth,22886,43
2021-02-06,Lambeth,22843,58
2021-02-05,Lambeth,22785,75
2021-02-04,Lambeth,22710,101
2021-02-03,Lambeth,22609,112
2021-02-02,Lambeth,22497,95
2021-02-01,Lambeth,22402,129
2021-01-31,Lambeth,22273,73
2021-01-30,Lambeth,22200,97
2021-01-29,Lambeth,22103,122
2021-01-28,Lambeth,21981,135
2021-01-27,Lambeth,21846,152
2021-01-26,Lambeth,21694,170
2021-01-25,Lambeth,21524,193
2021-01-24,Lambeth,21331,100
2021-01-23,Lambeth,21231,133
2021-01-22,Lambeth,21098,178
2021-01-21,Lambeth,20920,183
2021-01-20,Lambeth,20737,193
2021-01-19,Lambeth,20544,239
2021-01-18,Lambeth,20305,320
2021-01-17,Lambeth,19985,174
2021-01-16,Lambeth,19811,234
2021-01-15,Lambeth,19577,298
2021-01-14,Lambeth,19279,390
2021-01-13,Lambeth,18889,358
2021-01-12,Lambeth,18531,360
2021-01-11,Lambeth,18171,439
2021-01-10,Lambeth,17732,212
2021-01-09,Lambeth,17520,323
2021-01-08,Lambeth,17197,369
2021-01-07,Lambeth,16828,548
2021-01-06,Lambeth,16280,527
2021-01-05,Lambeth,15753,463
2021-01-04,Lambeth,15290,641
2021-01-03,Lambeth,14649,399
2021-01-02,Lambeth,14250,384
2021-01-01,Lambeth,13866,216
2020-12-31,Lambeth,13650,394
2020-12-30,Lambeth,13256,535
2020-12-29,Lambeth,12721,654
2020-12-28,Lambeth,12067,346
2020-12-27,Lambeth,11721,379
2020-12-26,Lambeth,11342,353
2020-12-25,Lambeth,10989,129
2020-12-24,Lambeth,10860,308
2020-12-23,Lambeth,10552,382
2020-12-22,Lambeth,10170,468
2020-12-21,Lambeth,9702,471
2020-12-20,Lambeth,9231,285
2020-12-19,Lambeth,8946,254
2020-12-18,Lambeth,8692,379
2020-12-17,Lambeth,8313,399
2020-12-16,Lambeth,7914,348
2020-12-15,Lambeth,7566,298
2020-12-14,Lambeth,7268,249
2020-12-13,Lambeth,7019,150
2020-12-12,Lambeth,6869,151
2020-12-11,Lambeth,6718,169
2020-12-10,Lambeth,6549,186
2020-12-09,Lambeth,6363,129
2020-12-08,Lambeth,6234,123
2020-12-07,Lambeth,6111,98
2020-12-06,Lambeth,6013,36
2020-12-05,Lambeth,5977,54
2020-12-04,Lambeth,5923,75
2020-12-03,Lambeth,5848,61
2020-12-02,Lambeth,5787,56
2020-12-01,Lambeth,5731,70
2020-11-30,Lambeth,5661,82
2020-11-29,Lambeth,5579,35
2020-11-28,Lambeth,5544,48
2020-11-27,Lambeth,5496,56
2020-11-26,Lambeth,5440,42
2020-11-25,Lambeth,5398,43
2020-11-24,Lambeth,5355,59
2020-11-23,Lambeth,5296,59
2020-11-22,Lambeth,5237,34
2020-11-21,Lambeth,5203,50
2020-11-20,Lambeth,5153,65
2020-11-19,Lambeth,5088,55
2020-11-18,Lambeth,5033,71
2020-11-17,Lambeth,4962,48
2020-11-16,Lambeth,4914,106
2020-11-15,Lambeth,4808,43
2020-11-14,Lambeth,4765,50
2020-11-13,Lambeth,4715,81
2020-11-12,Lambeth,4634,91
2020-11-11,Lambeth,4543,81
2020-11-10,Lambeth,4462,74
2020-11-09,Lambeth,4388,95
2020-11-08,Lambeth,4293,59
2020-11-07,Lambeth,4234,54
2020-11-06,Lambeth,4180,83
2020-11-05,Lambeth,4097,67
2020-11-04,Lambeth,4030,55
2020-11-03,Lambeth,3975,57
2020-11-02,Lambeth,3918,92
2020-11-01,Lambeth,3826,52
2020-10-31,Lambeth,3774,38
2020-10-30,Lambeth,3736,79
2020-10-29,Lambeth,3657,82
2020-10-28,Lambeth,3575,60
2020-10-27,Lambeth,3515,83
2020-10-26,Lambeth,3432,104
2020-10-25,Lambeth,3328,40
2020-10-24,Lambeth,3288,48
2020-10-23,Lambeth,3240,62
2020-10-22,Lambeth,3178,77
2020-10-21,Lambeth,3101,96
2020-10-20,Lambeth,3005,88
2020-10-19,Lambeth,2917,81
2020-10-18,Lambeth,2836,39
2020-10-17,Lambeth,2797,35
2020-10-16,Lambeth,2762,84
2020-10-15,Lambeth,2678,69
2020-10-14,Lambeth,2609,64
2020-10-13,Lambeth,2545,58
2020-10-12,Lambeth,2487,47
2020-10-11,Lambeth,2440,20
2020-10-10,Lambeth,2420,23
2020-10-09,Lambeth,2397,52
2020-10-08,Lambeth,2345,51
2020-10-07,Lambeth,2294,47
2020-10-06,Lambeth,2247,39
2020-10-05,Lambeth,2208,37
2020-10-04,Lambeth,2171,29
2020-10-03,Lambeth,2142,27
2020-10-02,Lambeth,2115,37
2020-10-01,Lambeth,2078,41
2020-09-30,Lambeth,2037,46
2020-09-29,Lambeth,1991,22
2020-09-28,Lambeth,1969,25
2020-09-27,Lambeth,1944,19
2020-09-26,Lambeth,1925,13
2020-09-25,Lambeth,1912,19
2020-09-24,Lambeth,1893,18
2020-09-23,Lambeth,1875,19
2020-09-22,Lambeth,1856,18
2020-09-21,Lambeth,1838,24
2020-09-20,Lambeth,1814,13
2020-09-19,Lambeth,1801,10
2020-09-18,Lambeth,1791,12
2020-09-17,Lambeth,1779,6
2020-09-16,Lambeth,1773,5
2020-09-15,Lambeth,1768,12
2020-09-14,Lambeth,1756,7
2020-09-13,Lambeth,1749,2
2020-09-12,Lambeth,1747,5
2020-09-11,Lambeth,1742,10
2020-09-10,Lambeth,1732,12
2020-09-09,Lambeth,1720,15
2020-09-08,Lambeth,1705,10
2020-09-07,Lambeth,1695,22
2020-09-06,Lambeth,1673,12
2020-09-05,Lambeth,1661,14
2020-09-04,Lambeth,1647,12
2020-09-03,Lambeth,1635,21
2020-09-02,Lambeth,1614,11
2020-09-01,Lambeth,1603,15
2020-08-31,Lambeth,1588,6
2020-08-30,Lambeth,1582,4
2020-08-29,Lambeth,1578,4
2020-08-28,Lambeth,1574,9
2020-08-27,Lambeth,1565,15
2020-08-26,Lambeth,1550,10
2020-08-25,Lambeth,1540,7
2020-08-24,Lambeth,1533,6
2020-08-23,Lambeth,1527,1
2020-08-22,Lambeth,1526,2
2020-08-21,Lambeth,1524,12
2020-08-20,Lambeth,1512,7
2020-08-19,Lambeth,1505,5
2020-08-18,Lambeth,1500,3
2020-08-17,Lambeth,1497,12
2020-08-16,Lambeth,1485,0
2020-08-15,Lambeth,1485,3
2020-08-14,Lambeth,1482,9
2020-08-13,Lambeth,1473,6
2020-08-12,Lambeth,1467,5
2020-08-11,Lambeth,1462,3
2020-08-10,Lambeth,1459,4
2020-08-09,Lambeth,1455,2
2020-08-08,Lambeth,1453,1
2020-08-07,Lambeth,1452,1
2020-08-06,Lambeth,1451,3
2020-08-05,Lambeth,1448,5
2020-08-04,Lambeth,1443,3
2020-08-03,Lambeth,1440,11
2020-08-02,Lambeth,1429,10
2020-08-01,Lambeth,1419,0
2020-07-31,Lambeth,1419,3
2020-07-30,Lambeth,1416,8
2020-07-29,Lambeth,1408,1
2020-07-28,Lambeth,1407,9
2020-07-27,Lambeth,1398,2
2020-07-26,Lambeth,1396,1
2020-07-25,Lambeth,1395,2
2020-07-24,Lambeth,1393,3
2020-07-23,Lambeth,1390,2
2020-07-22,Lambeth,1388,4
2020-07-21,Lambeth,1384,4
2020-07-20,Lambeth,1380,4
2020-07-19,Lambeth,1376,1
2020-07-18,Lambeth,1375,1
2020-07-17,Lambeth,1374,0
2020-07-16,Lambeth,1374,2
2020-07-15,Lambeth,1372,3
2020-07-14,Lambeth,1369,3
2020-07-13,Lambeth,1366,2
2020-07-12,Lambeth,1364,0
2020-07-11,Lambeth,1364,1
2020-07-10,Lambeth,1363,1
2020-07-09,Lambeth,1362,1
2020-07-08,Lambeth,1361,2
2020-07-07,Lambeth,1359,2
2020-07-06,Lambeth,1357,6
2020-07-05,Lambeth,1351,1
2020-07-04,Lambeth,1350,0
2020-07-03,Lambeth,1350,1
2020-07-02,Lambeth,1349,0
2020-07-01,Lambeth,1349,1
2020-06-30,Lambeth,1348,1
2020-06-29,Lambeth,1347,1
2020-06-28,Lambeth,1346,0
2020-06-27,Lambeth,1346,0
2020-06-26,Lambeth,1346,1
2020-06-25,Lambeth,1345,2
2020-06-24,Lambeth,1343,0
2020-06-23,Lambeth,1343,0
2020-06-22,Lambeth,1343,0
2020-06-21,Lambeth,1343,0
2020-06-20,Lambeth,1343,0
2020-06-19,Lambeth,1343,1
2020-06-18,Lambeth,1342,0
2020-06-17,Lambeth,1342,0
2020-06-16,Lambeth,1342,2
2020-06-15,Lambeth,1340,0
2020-06-14,Lambeth,1340,2
2020-06-13,Lambeth,1338,1
2020-06-12,Lambeth,1337,0
2020-06-11,Lambeth,1337,2
2020-06-10,Lambeth,1335,1
2020-06-09,Lambeth,1334,4
2020-06-08,Lambeth,1330,0
2020-06-07,Lambeth,1330,1
2020-06-06,Lambeth,1329,2
2020-06-05,Lambeth,1327,1
2020-06-04,Lambeth,1326,1
2020-06-03,Lambeth,1325,1
2020-06-02,Lambeth,1324,1
2020-06-01,Lambeth,1323,2
2020-05-31,Lambeth,1321,0
2020-05-30,Lambeth,1321,0
2020-05-29,Lambeth,1321,0
2020-05-28,Lambeth,1321,1
2020-05-27,Lambeth,1320,0
2020-05-26,Lambeth,1320,3
2020-05-25,Lambeth,1317,1
2020-05-24,Lambeth,1316,2
2020-05-23,Lambeth,1314,5
2020-05-22,Lambeth,1309,2
2020-05-21,Lambeth,1307,10
2020-05-20,Lambeth,1297,6
2020-05-19,Lambeth,1291,2
2020-05-18,Lambeth,1289,2
2020-05-17,Lambeth,1287,0
2020-05-16,Lambeth,1287,1
2020-05-15,Lambeth,1286,7
2020-05-14,Lambeth,1279,9
2020-05-13,Lambeth,1270,6
2020-05-12,Lambeth,1264,3
2020-05-11,Lambeth,1261,5
2020-05-10,Lambeth,1256,3
2020-05-09,Lambeth,1253,6
2020-05-08,Lambeth,1247,2
2020-05-07,Lambeth,1245,8
2020-05-06,Lambeth,1237,5
2020-05-05,Lambeth,1232,5
2020-05-04,Lambeth,1227,5
2020-05-03,Lambeth,1222,4
2020-05-02,Lambeth,1218,3
2020-05-01,Lambeth,1215,11
2020-04-30,Lambeth,1204,8
2020-04-29,Lambeth,1196,10
2020-04-28,Lambeth,1186,9
2020-04-27,Lambeth,1177,11
2020-04-26,Lambeth,1166,9
2020-04-25,Lambeth,1157,8
2020-04-24,Lambeth,1149,12
2020-04-23,Lambeth,1137,23
2020-04-22,Lambeth,1114,16
2020-04-21,Lambeth,1098,12
2020-04-20,Lambeth,1086,15
2020-04-19,Lambeth,1071,11
2020-04-18,Lambeth,1060,17
2020-04-17,Lambeth,1043,12
2020-04-16,Lambeth,1031,21
2020-04-15,Lambeth,1010,24
2020-04-14,Lambeth,986,11
2020-04-13,Lambeth,975,17
2020-04-12,Lambeth,958,17
2020-04-11,Lambeth,941,47
2020-04-10,Lambeth,894,17
2020-04-09,Lambeth,877,33
2020-04-08,Lambeth,844,31
2020-04-07,Lambeth,813,40
2020-04-06,Lambeth,773,42
2020-04-05,Lambeth,731,18
2020-04-04,Lambeth,713,32
2020-04-03,Lambeth,681,40
2020-04-02,Lambeth,641,42
2020-04-01,Lambeth,599,49
2020-03-31,Lambeth,550,42
2020-03-30,Lambeth,508,54
2020-03-29,Lambeth,454,27
2020-03-28,Lambeth,427,37
2020-03-27,Lambeth,390,34
2020-03-26,Lambeth,356,42
2020-03-25,Lambeth,314,36
2020-03-24,Lambeth,278,25
2020-03-23,Lambeth,253,28
2020-03-22,Lambeth,225,33
2020-03-21,Lambeth,192,18
2020-03-20,Lambeth,174,30
2020-03-19,Lambeth,144,22
2020-03-18,Lambeth,122,17
2020-03-17,Lambeth,105,21
2020-03-16,Lambeth,84,16
2020-03-15,Lambeth,68,13
2020-03-14,Lambeth,55,10
2020-03-13,Lambeth,45,11
2020-03-12,Lambeth,34,4
2020-03-11,Lambeth,30,14
2020-03-10,Lambeth,16,8
2020-03-09,Lambeth,8,2
2020-03-08,Lambeth,6,0
2020-03-07,Lambeth,6,2
2020-03-06,Lambeth,4,1
2020-03-05,Lambeth,3,0
2020-03-04,Lambeth,3,1
2020-03-03,Lambeth,2,1
2020-03-02,Lambeth,1,0
2020-03-01,Lambeth,1,0
2020-02-29,Lambeth,1,0
2020-02-28,Lambeth,1,0
2020-02-27,Lambeth,1,0
2020-02-26,Lambeth,1,0
2020-02-25,Lambeth,1,0
2020-02-24,Lambeth,1,1
