date,areaName,cumCasesBySpecimenDate,newCasesBySpecimenDate
2021-04-19,Redbridge,32835,5
2021-04-18,Redbridge,32830,14
2021-04-17,Redbridge,32816,10
2021-04-16,Redbridge,32806,6
2021-04-15,Redbridge,32800,15
2021-04-14,Redbridge,32785,13
2021-04-13,Redbridge,32772,13
2021-04-12,Redbridge,32759,19
2021-04-11,Redbridge,32740,16
2021-04-10,Redbridge,32724,14
2021-04-09,Redbridge,32710,22
2021-04-08,Redbridge,32688,9
2021-04-07,Redbridge,32679,15
2021-04-06,Redbridge,32664,18
2021-04-05,Redbridge,32646,12
2021-04-04,Redbridge,32634,16
2021-04-03,Redbridge,32618,14
2021-04-02,Redbridge,32604,5
2021-04-01,Redbridge,32599,14
2021-03-31,Redbridge,32585,13
2021-03-30,Redbridge,32572,17
2021-03-29,Redbridge,32555,13
2021-03-28,Redbridge,32542,17
2021-03-27,Redbridge,32525,19
2021-03-26,Redbridge,32506,20
2021-03-25,Redbridge,32486,21
2021-03-24,Redbridge,32465,32
2021-03-23,Redbridge,32433,18
2021-03-22,Redbridge,32415,24
2021-03-21,Redbridge,32391,16
2021-03-20,Redbridge,32375,16
2021-03-19,Redbridge,32359,32
2021-03-18,Redbridge,32327,24
2021-03-17,Redbridge,32303,17
2021-03-16,Redbridge,32286,25
2021-03-15,Redbridge,32261,30
2021-03-14,Redbridge,32231,13
2021-03-13,Redbridge,32218,13
2021-03-12,Redbridge,32205,14
2021-03-11,Redbridge,32191,17
2021-03-10,Redbridge,32174,29
2021-03-09,Redbridge,32145,20
2021-03-08,Redbridge,32125,18
2021-03-07,Redbridge,32107,18
2021-03-06,Redbridge,32089,21
2021-03-05,Redbridge,32068,22
2021-03-04,Redbridge,32046,17
2021-03-03,Redbridge,32029,24
2021-03-02,Redbridge,32005,27
2021-03-01,Redbridge,31978,22
2021-02-28,Redbridge,31956,12
2021-02-27,Redbridge,31944,21
2021-02-26,Redbridge,31923,26
2021-02-25,Redbridge,31897,21
2021-02-24,Redbridge,31876,29
2021-02-23,Redbridge,31847,30
2021-02-22,Redbridge,31817,48
2021-02-21,Redbridge,31769,30
2021-02-20,Redbridge,31739,36
2021-02-19,Redbridge,31703,30
2021-02-18,Redbridge,31673,30
2021-02-17,Redbridge,31643,44
2021-02-16,Redbridge,31599,54
2021-02-15,Redbridge,31545,73
2021-02-14,Redbridge,31472,34
2021-02-13,Redbridge,31438,34
2021-02-12,Redbridge,31404,45
2021-02-11,Redbridge,31359,49
2021-02-10,Redbridge,31310,50
2021-02-09,Redbridge,31260,59
2021-02-08,Redbridge,31201,49
2021-02-07,Redbridge,31152,51
2021-02-06,Redbridge,31101,55
2021-02-05,Redbridge,31046,77
2021-02-04,Redbridge,30969,88
2021-02-03,Redbridge,30881,87
2021-02-02,Redbridge,30794,111
2021-02-01,Redbridge,30683,115
2021-01-31,Redbridge,30568,98
2021-01-30,Redbridge,30470,98
2021-01-29,Redbridge,30372,119
2021-01-28,Redbridge,30253,155
2021-01-27,Redbridge,30098,165
2021-01-26,Redbridge,29933,131
2021-01-25,Redbridge,29802,159
2021-01-24,Redbridge,29643,124
2021-01-23,Redbridge,29519,174
2021-01-22,Redbridge,29345,238
2021-01-21,Redbridge,29107,230
2021-01-20,Redbridge,28877,257
2021-01-19,Redbridge,28620,296
2021-01-18,Redbridge,28324,283
2021-01-17,Redbridge,28041,217
2021-01-16,Redbridge,27824,256
2021-01-15,Redbridge,27568,330
2021-01-14,Redbridge,27238,354
2021-01-13,Redbridge,26884,315
2021-01-12,Redbridge,26569,397
2021-01-11,Redbridge,26172,443
2021-01-10,Redbridge,25729,291
2021-01-09,Redbridge,25438,365
2021-01-08,Redbridge,25073,416
2021-01-07,Redbridge,24657,518
2021-01-06,Redbridge,24139,553
2021-01-05,Redbridge,23586,622
2021-01-04,Redbridge,22964,741
2021-01-03,Redbridge,22223,664
2021-01-02,Redbridge,21559,727
2021-01-01,Redbridge,20832,328
2020-12-31,Redbridge,20504,625
2020-12-30,Redbridge,19879,815
2020-12-29,Redbridge,19064,921
2020-12-28,Redbridge,18143,509
2020-12-27,Redbridge,17634,659
2020-12-26,Redbridge,16975,571
2020-12-25,Redbridge,16404,242
2020-12-24,Redbridge,16162,440
2020-12-23,Redbridge,15722,613
2020-12-22,Redbridge,15109,522
2020-12-21,Redbridge,14587,582
2020-12-20,Redbridge,14005,485
2020-12-19,Redbridge,13520,379
2020-12-18,Redbridge,13141,567
2020-12-17,Redbridge,12574,517
2020-12-16,Redbridge,12057,576
2020-12-15,Redbridge,11481,514
2020-12-14,Redbridge,10967,441
2020-12-13,Redbridge,10526,384
2020-12-12,Redbridge,10142,311
2020-12-11,Redbridge,9831,264
2020-12-10,Redbridge,9567,260
2020-12-09,Redbridge,9307,255
2020-12-08,Redbridge,9052,198
2020-12-07,Redbridge,8854,213
2020-12-06,Redbridge,8641,150
2020-12-05,Redbridge,8491,130
2020-12-04,Redbridge,8361,154
2020-12-03,Redbridge,8207,129
2020-12-02,Redbridge,8078,138
2020-12-01,Redbridge,7940,113
2020-11-30,Redbridge,7827,146
2020-11-29,Redbridge,7681,113
2020-11-28,Redbridge,7568,106
2020-11-27,Redbridge,7462,157
2020-11-26,Redbridge,7305,135
2020-11-25,Redbridge,7170,154
2020-11-24,Redbridge,7016,128
2020-11-23,Redbridge,6888,150
2020-11-22,Redbridge,6738,107
2020-11-21,Redbridge,6631,97
2020-11-20,Redbridge,6534,136
2020-11-19,Redbridge,6398,136
2020-11-18,Redbridge,6262,154
2020-11-17,Redbridge,6108,142
2020-11-16,Redbridge,5966,153
2020-11-15,Redbridge,5813,94
2020-11-14,Redbridge,5719,94
2020-11-13,Redbridge,5625,146
2020-11-12,Redbridge,5479,136
2020-11-11,Redbridge,5343,128
2020-11-10,Redbridge,5215,135
2020-11-09,Redbridge,5080,127
2020-11-08,Redbridge,4953,85
2020-11-07,Redbridge,4868,83
2020-11-06,Redbridge,4785,107
2020-11-05,Redbridge,4678,91
2020-11-04,Redbridge,4587,98
2020-11-03,Redbridge,4489,104
2020-11-02,Redbridge,4385,158
2020-11-01,Redbridge,4227,69
2020-10-31,Redbridge,4158,68
2020-10-30,Redbridge,4090,103
2020-10-29,Redbridge,3987,110
2020-10-28,Redbridge,3877,75
2020-10-27,Redbridge,3802,85
2020-10-26,Redbridge,3717,104
2020-10-25,Redbridge,3613,47
2020-10-24,Redbridge,3566,51
2020-10-23,Redbridge,3515,92
2020-10-22,Redbridge,3423,75
2020-10-21,Redbridge,3348,111
2020-10-20,Redbridge,3237,103
2020-10-19,Redbridge,3134,97
2020-10-18,Redbridge,3037,49
2020-10-17,Redbridge,2988,48
2020-10-16,Redbridge,2940,49
2020-10-15,Redbridge,2891,75
2020-10-14,Redbridge,2816,57
2020-10-13,Redbridge,2759,41
2020-10-12,Redbridge,2718,97
2020-10-11,Redbridge,2621,37
2020-10-10,Redbridge,2584,26
2020-10-09,Redbridge,2558,51
2020-10-08,Redbridge,2507,73
2020-10-07,Redbridge,2434,58
2020-10-06,Redbridge,2376,57
2020-10-05,Redbridge,2319,51
2020-10-04,Redbridge,2268,41
2020-10-03,Redbridge,2227,53
2020-10-02,Redbridge,2174,50
2020-10-01,Redbridge,2124,55
2020-09-30,Redbridge,2069,54
2020-09-29,Redbridge,2015,41
2020-09-28,Redbridge,1974,36
2020-09-27,Redbridge,1938,32
2020-09-26,Redbridge,1906,29
2020-09-25,Redbridge,1877,30
2020-09-24,Redbridge,1847,56
2020-09-23,Redbridge,1791,34
2020-09-22,Redbridge,1757,25
2020-09-21,Redbridge,1732,19
2020-09-20,Redbridge,1713,24
2020-09-19,Redbridge,1689,42
2020-09-18,Redbridge,1647,34
2020-09-17,Redbridge,1613,19
2020-09-16,Redbridge,1594,14
2020-09-15,Redbridge,1580,28
2020-09-14,Redbridge,1552,23
2020-09-13,Redbridge,1529,10
2020-09-12,Redbridge,1519,7
2020-09-11,Redbridge,1512,33
2020-09-10,Redbridge,1479,17
2020-09-09,Redbridge,1462,15
2020-09-08,Redbridge,1447,12
2020-09-07,Redbridge,1435,23
2020-09-06,Redbridge,1412,13
2020-09-05,Redbridge,1399,9
2020-09-04,Redbridge,1390,19
2020-09-03,Redbridge,1371,23
2020-09-02,Redbridge,1348,18
2020-09-01,Redbridge,1330,14
2020-08-31,Redbridge,1316,13
2020-08-30,Redbridge,1303,5
2020-08-29,Redbridge,1298,3
2020-08-28,Redbridge,1295,6
2020-08-27,Redbridge,1289,9
2020-08-26,Redbridge,1280,6
2020-08-25,Redbridge,1274,3
2020-08-24,Redbridge,1271,5
2020-08-23,Redbridge,1266,3
2020-08-22,Redbridge,1263,3
2020-08-21,Redbridge,1260,6
2020-08-20,Redbridge,1254,2
2020-08-19,Redbridge,1252,2
2020-08-18,Redbridge,1250,3
2020-08-17,Redbridge,1247,4
2020-08-16,Redbridge,1243,0
2020-08-15,Redbridge,1243,7
2020-08-14,Redbridge,1236,2
2020-08-13,Redbridge,1234,1
2020-08-12,Redbridge,1233,6
2020-08-11,Redbridge,1227,4
2020-08-10,Redbridge,1223,4
2020-08-09,Redbridge,1219,6
2020-08-08,Redbridge,1213,7
2020-08-07,Redbridge,1206,15
2020-08-06,Redbridge,1191,1
2020-08-05,Redbridge,1190,3
2020-08-04,Redbridge,1187,5
2020-08-03,Redbridge,1182,1
2020-08-02,Redbridge,1181,6
2020-08-01,Redbridge,1175,1
2020-07-31,Redbridge,1174,3
2020-07-30,Redbridge,1171,5
2020-07-29,Redbridge,1166,3
2020-07-28,Redbridge,1163,4
2020-07-27,Redbridge,1159,1
2020-07-26,Redbridge,1158,4
2020-07-25,Redbridge,1154,2
2020-07-24,Redbridge,1152,2
2020-07-23,Redbridge,1150,2
2020-07-22,Redbridge,1148,1
2020-07-21,Redbridge,1147,2
2020-07-20,Redbridge,1145,1
2020-07-19,Redbridge,1144,3
2020-07-18,Redbridge,1141,4
2020-07-17,Redbridge,1137,1
2020-07-16,Redbridge,1136,3
2020-07-15,Redbridge,1133,3
2020-07-14,Redbridge,1130,1
2020-07-13,Redbridge,1129,6
2020-07-12,Redbridge,1123,0
2020-07-11,Redbridge,1123,0
2020-07-10,Redbridge,1123,2
2020-07-09,Redbridge,1121,4
2020-07-08,Redbridge,1117,1
2020-07-07,Redbridge,1116,3
2020-07-06,Redbridge,1113,1
2020-07-05,Redbridge,1112,2
2020-07-04,Redbridge,1110,1
2020-07-03,Redbridge,1109,3
2020-07-02,Redbridge,1106,1
2020-07-01,Redbridge,1105,2
2020-06-30,Redbridge,1103,5
2020-06-29,Redbridge,1098,6
2020-06-28,Redbridge,1092,1
2020-06-27,Redbridge,1091,2
2020-06-26,Redbridge,1089,1
2020-06-25,Redbridge,1088,0
2020-06-24,Redbridge,1088,0
2020-06-23,Redbridge,1088,1
2020-06-22,Redbridge,1087,1
2020-06-21,Redbridge,1086,2
2020-06-20,Redbridge,1084,1
2020-06-19,Redbridge,1083,1
2020-06-18,Redbridge,1082,2
2020-06-17,Redbridge,1080,2
2020-06-16,Redbridge,1078,1
2020-06-15,Redbridge,1077,2
2020-06-14,Redbridge,1075,5
2020-06-13,Redbridge,1070,2
2020-06-12,Redbridge,1068,7
2020-06-11,Redbridge,1061,4
2020-06-10,Redbridge,1057,6
2020-06-09,Redbridge,1051,2
2020-06-08,Redbridge,1049,3
2020-06-07,Redbridge,1046,0
2020-06-06,Redbridge,1046,5
2020-06-05,Redbridge,1041,2
2020-06-04,Redbridge,1039,6
2020-06-03,Redbridge,1033,4
2020-06-02,Redbridge,1029,2
2020-06-01,Redbridge,1027,3
2020-05-31,Redbridge,1024,3
2020-05-30,Redbridge,1021,0
2020-05-29,Redbridge,1021,0
2020-05-28,Redbridge,1021,1
2020-05-27,Redbridge,1020,3
2020-05-26,Redbridge,1017,1
2020-05-25,Redbridge,1016,2
2020-05-24,Redbridge,1014,0
2020-05-23,Redbridge,1014,2
2020-05-22,Redbridge,1012,5
2020-05-21,Redbridge,1007,0
2020-05-20,Redbridge,1007,8
2020-05-19,Redbridge,999,8
2020-05-18,Redbridge,991,4
2020-05-17,Redbridge,987,4
2020-05-16,Redbridge,983,6
2020-05-15,Redbridge,977,3
2020-05-14,Redbridge,974,1
2020-05-13,Redbridge,973,5
2020-05-12,Redbridge,968,6
2020-05-11,Redbridge,962,3
2020-05-10,Redbridge,959,7
2020-05-09,Redbridge,952,4
2020-05-08,Redbridge,948,7
2020-05-07,Redbridge,941,21
2020-05-06,Redbridge,920,16
2020-05-05,Redbridge,904,25
2020-05-04,Redbridge,879,14
2020-05-03,Redbridge,865,9
2020-05-02,Redbridge,856,10
2020-05-01,Redbridge,846,9
2020-04-30,Redbridge,837,25
2020-04-29,Redbridge,812,12
2020-04-28,Redbridge,800,11
2020-04-27,Redbridge,789,26
2020-04-26,Redbridge,763,14
2020-04-25,Redbridge,749,10
2020-04-24,Redbridge,739,5
2020-04-23,Redbridge,734,14
2020-04-22,Redbridge,720,17
2020-04-21,Redbridge,703,15
2020-04-20,Redbridge,688,17
2020-04-19,Redbridge,671,8
2020-04-18,Redbridge,663,7
2020-04-17,Redbridge,656,20
2020-04-16,Redbridge,636,16
2020-04-15,Redbridge,620,12
2020-04-14,Redbridge,608,15
2020-04-13,Redbridge,593,21
2020-04-12,Redbridge,572,28
2020-04-11,Redbridge,544,14
2020-04-10,Redbridge,530,11
2020-04-09,Redbridge,519,33
2020-04-08,Redbridge,486,34
2020-04-07,Redbridge,452,54
2020-04-06,Redbridge,398,26
2020-04-05,Redbridge,372,23
2020-04-04,Redbridge,349,27
2020-04-03,Redbridge,322,21
2020-04-02,Redbridge,301,30
2020-04-01,Redbridge,271,22
2020-03-31,Redbridge,249,28
2020-03-30,Redbridge,221,25
2020-03-29,Redbridge,196,20
2020-03-28,Redbridge,176,15
2020-03-27,Redbridge,161,21
2020-03-26,Redbridge,140,15
2020-03-25,Redbridge,125,15
2020-03-24,Redbridge,110,12
2020-03-23,Redbridge,98,19
2020-03-22,Redbridge,79,12
2020-03-21,Redbridge,67,10
2020-03-20,Redbridge,57,5
2020-03-19,Redbridge,52,12
2020-03-18,Redbridge,40,13
2020-03-17,Redbridge,27,8
2020-03-16,Redbridge,19,6
2020-03-15,Redbridge,13,5
2020-03-14,Redbridge,8,3
2020-03-13,Redbridge,5,3
2020-03-12,Redbridge,2,0
2020-03-11,Redbridge,2,0
2020-03-10,Redbridge,2,0
2020-03-09,Redbridge,2,0
2020-03-08,Redbridge,2,0
2020-03-07,Redbridge,2,1
2020-03-06,Redbridge,1,0
2020-03-05,Redbridge,1,0
2020-03-04,Redbridge,1,0
2020-03-03,Redbridge,1,0
2020-03-02,Redbridge,1,1
