date,areaName,cumCasesBySpecimenDate,newCasesBySpecimenDate
2021-04-19,Richmond upon Thames,10817,2
2021-04-18,Richmond upon Thames,10815,5
2021-04-17,Richmond upon Thames,10810,5
2021-04-16,Richmond upon Thames,10805,4
2021-04-15,Richmond upon Thames,10801,5
2021-04-14,Richmond upon Thames,10796,4
2021-04-13,Richmond upon Thames,10792,5
2021-04-12,Richmond upon Thames,10787,9
2021-04-11,Richmond upon Thames,10778,8
2021-04-10,Richmond upon Thames,10770,6
2021-04-09,Richmond upon Thames,10764,4
2021-04-08,Richmond upon Thames,10760,6
2021-04-07,Richmond upon Thames,10754,5
2021-04-06,Richmond upon Thames,10749,9
2021-04-05,Richmond upon Thames,10740,6
2021-04-04,Richmond upon Thames,10734,7
2021-04-03,Richmond upon Thames,10727,11
2021-04-02,Richmond upon Thames,10716,3
2021-04-01,Richmond upon Thames,10713,5
2021-03-31,Richmond upon Thames,10708,9
2021-03-30,Richmond upon Thames,10699,12
2021-03-29,Richmond upon Thames,10687,5
2021-03-28,Richmond upon Thames,10682,15
2021-03-27,Richmond upon Thames,10667,7
2021-03-26,Richmond upon Thames,10660,8
2021-03-25,Richmond upon Thames,10652,6
2021-03-24,Richmond upon Thames,10646,14
2021-03-23,Richmond upon Thames,10632,8
2021-03-22,Richmond upon Thames,10624,9
2021-03-21,Richmond upon Thames,10615,0
2021-03-20,Richmond upon Thames,10615,12
2021-03-19,Richmond upon Thames,10603,9
2021-03-18,Richmond upon Thames,10594,15
2021-03-17,Richmond upon Thames,10579,10
2021-03-16,Richmond upon Thames,10569,10
2021-03-15,Richmond upon Thames,10559,11
2021-03-14,Richmond upon Thames,10548,6
2021-03-13,Richmond upon Thames,10542,6
2021-03-12,Richmond upon Thames,10536,9
2021-03-11,Richmond upon Thames,10527,7
2021-03-10,Richmond upon Thames,10520,11
2021-03-09,Richmond upon Thames,10509,8
2021-03-08,Richmond upon Thames,10501,10
2021-03-07,Richmond upon Thames,10491,8
2021-03-06,Richmond upon Thames,10483,5
2021-03-05,Richmond upon Thames,10478,14
2021-03-04,Richmond upon Thames,10464,5
2021-03-03,Richmond upon Thames,10459,10
2021-03-02,Richmond upon Thames,10449,14
2021-03-01,Richmond upon Thames,10435,7
2021-02-28,Richmond upon Thames,10428,11
2021-02-27,Richmond upon Thames,10417,8
2021-02-26,Richmond upon Thames,10409,17
2021-02-25,Richmond upon Thames,10392,12
2021-02-24,Richmond upon Thames,10380,12
2021-02-23,Richmond upon Thames,10368,16
2021-02-22,Richmond upon Thames,10352,21
2021-02-21,Richmond upon Thames,10331,8
2021-02-20,Richmond upon Thames,10323,11
2021-02-19,Richmond upon Thames,10312,29
2021-02-18,Richmond upon Thames,10283,19
2021-02-17,Richmond upon Thames,10264,16
2021-02-16,Richmond upon Thames,10248,15
2021-02-15,Richmond upon Thames,10233,30
2021-02-14,Richmond upon Thames,10203,15
2021-02-13,Richmond upon Thames,10188,13
2021-02-12,Richmond upon Thames,10175,23
2021-02-11,Richmond upon Thames,10152,19
2021-02-10,Richmond upon Thames,10133,26
2021-02-09,Richmond upon Thames,10107,30
2021-02-08,Richmond upon Thames,10077,34
2021-02-07,Richmond upon Thames,10043,24
2021-02-06,Richmond upon Thames,10019,22
2021-02-05,Richmond upon Thames,9997,44
2021-02-04,Richmond upon Thames,9953,67
2021-02-03,Richmond upon Thames,9886,60
2021-02-02,Richmond upon Thames,9826,51
2021-02-01,Richmond upon Thames,9775,67
2021-01-31,Richmond upon Thames,9708,51
2021-01-30,Richmond upon Thames,9657,56
2021-01-29,Richmond upon Thames,9601,58
2021-01-28,Richmond upon Thames,9543,63
2021-01-27,Richmond upon Thames,9480,66
2021-01-26,Richmond upon Thames,9414,70
2021-01-25,Richmond upon Thames,9344,73
2021-01-24,Richmond upon Thames,9271,52
2021-01-23,Richmond upon Thames,9219,55
2021-01-22,Richmond upon Thames,9164,65
2021-01-21,Richmond upon Thames,9099,84
2021-01-20,Richmond upon Thames,9015,82
2021-01-19,Richmond upon Thames,8933,78
2021-01-18,Richmond upon Thames,8855,84
2021-01-17,Richmond upon Thames,8771,90
2021-01-16,Richmond upon Thames,8681,63
2021-01-15,Richmond upon Thames,8618,95
2021-01-14,Richmond upon Thames,8523,93
2021-01-13,Richmond upon Thames,8430,111
2021-01-12,Richmond upon Thames,8319,112
2021-01-11,Richmond upon Thames,8207,112
2021-01-10,Richmond upon Thames,8095,81
2021-01-09,Richmond upon Thames,8014,128
2021-01-08,Richmond upon Thames,7886,124
2021-01-07,Richmond upon Thames,7762,140
2021-01-06,Richmond upon Thames,7622,132
2021-01-05,Richmond upon Thames,7490,161
2021-01-04,Richmond upon Thames,7329,174
2021-01-03,Richmond upon Thames,7155,168
2021-01-02,Richmond upon Thames,6987,182
2021-01-01,Richmond upon Thames,6805,89
2020-12-31,Richmond upon Thames,6716,184
2020-12-30,Richmond upon Thames,6532,228
2020-12-29,Richmond upon Thames,6304,242
2020-12-28,Richmond upon Thames,6062,178
2020-12-27,Richmond upon Thames,5884,195
2020-12-26,Richmond upon Thames,5689,192
2020-12-25,Richmond upon Thames,5497,82
2020-12-24,Richmond upon Thames,5415,176
2020-12-23,Richmond upon Thames,5239,214
2020-12-22,Richmond upon Thames,5025,229
2020-12-21,Richmond upon Thames,4796,218
2020-12-20,Richmond upon Thames,4578,174
2020-12-19,Richmond upon Thames,4404,88
2020-12-18,Richmond upon Thames,4316,162
2020-12-17,Richmond upon Thames,4154,159
2020-12-16,Richmond upon Thames,3995,148
2020-12-15,Richmond upon Thames,3847,112
2020-12-14,Richmond upon Thames,3735,116
2020-12-13,Richmond upon Thames,3619,91
2020-12-12,Richmond upon Thames,3528,77
2020-12-11,Richmond upon Thames,3451,84
2020-12-10,Richmond upon Thames,3367,74
2020-12-09,Richmond upon Thames,3293,78
2020-12-08,Richmond upon Thames,3215,34
2020-12-07,Richmond upon Thames,3181,52
2020-12-06,Richmond upon Thames,3129,30
2020-12-05,Richmond upon Thames,3099,22
2020-12-04,Richmond upon Thames,3077,37
2020-12-03,Richmond upon Thames,3040,26
2020-12-02,Richmond upon Thames,3014,32
2020-12-01,Richmond upon Thames,2982,28
2020-11-30,Richmond upon Thames,2954,21
2020-11-29,Richmond upon Thames,2933,12
2020-11-28,Richmond upon Thames,2921,17
2020-11-27,Richmond upon Thames,2904,32
2020-11-26,Richmond upon Thames,2872,23
2020-11-25,Richmond upon Thames,2849,27
2020-11-24,Richmond upon Thames,2822,34
2020-11-23,Richmond upon Thames,2788,30
2020-11-22,Richmond upon Thames,2758,15
2020-11-21,Richmond upon Thames,2743,12
2020-11-20,Richmond upon Thames,2731,32
2020-11-19,Richmond upon Thames,2699,26
2020-11-18,Richmond upon Thames,2673,30
2020-11-17,Richmond upon Thames,2643,46
2020-11-16,Richmond upon Thames,2597,41
2020-11-15,Richmond upon Thames,2556,20
2020-11-14,Richmond upon Thames,2536,15
2020-11-13,Richmond upon Thames,2521,38
2020-11-12,Richmond upon Thames,2483,33
2020-11-11,Richmond upon Thames,2450,40
2020-11-10,Richmond upon Thames,2410,48
2020-11-09,Richmond upon Thames,2362,56
2020-11-08,Richmond upon Thames,2306,41
2020-11-07,Richmond upon Thames,2265,26
2020-11-06,Richmond upon Thames,2239,17
2020-11-05,Richmond upon Thames,2222,43
2020-11-04,Richmond upon Thames,2179,41
2020-11-03,Richmond upon Thames,2138,30
2020-11-02,Richmond upon Thames,2108,47
2020-11-01,Richmond upon Thames,2061,25
2020-10-31,Richmond upon Thames,2036,24
2020-10-30,Richmond upon Thames,2012,33
2020-10-29,Richmond upon Thames,1979,36
2020-10-28,Richmond upon Thames,1943,48
2020-10-27,Richmond upon Thames,1895,45
2020-10-26,Richmond upon Thames,1850,58
2020-10-25,Richmond upon Thames,1792,27
2020-10-24,Richmond upon Thames,1765,23
2020-10-23,Richmond upon Thames,1742,41
2020-10-22,Richmond upon Thames,1701,38
2020-10-21,Richmond upon Thames,1663,42
2020-10-20,Richmond upon Thames,1621,73
2020-10-19,Richmond upon Thames,1548,53
2020-10-18,Richmond upon Thames,1495,30
2020-10-17,Richmond upon Thames,1465,20
2020-10-16,Richmond upon Thames,1445,57
2020-10-15,Richmond upon Thames,1388,43
2020-10-14,Richmond upon Thames,1345,43
2020-10-13,Richmond upon Thames,1302,28
2020-10-12,Richmond upon Thames,1274,42
2020-10-11,Richmond upon Thames,1232,32
2020-10-10,Richmond upon Thames,1200,22
2020-10-09,Richmond upon Thames,1178,29
2020-10-08,Richmond upon Thames,1149,34
2020-10-07,Richmond upon Thames,1115,45
2020-10-06,Richmond upon Thames,1070,27
2020-10-05,Richmond upon Thames,1043,47
2020-10-04,Richmond upon Thames,996,25
2020-10-03,Richmond upon Thames,971,28
2020-10-02,Richmond upon Thames,943,27
2020-10-01,Richmond upon Thames,916,31
2020-09-30,Richmond upon Thames,885,24
2020-09-29,Richmond upon Thames,861,20
2020-09-28,Richmond upon Thames,841,9
2020-09-27,Richmond upon Thames,832,6
2020-09-26,Richmond upon Thames,826,14
2020-09-25,Richmond upon Thames,812,8
2020-09-24,Richmond upon Thames,804,13
2020-09-23,Richmond upon Thames,791,8
2020-09-22,Richmond upon Thames,783,7
2020-09-21,Richmond upon Thames,776,7
2020-09-20,Richmond upon Thames,769,1
2020-09-19,Richmond upon Thames,768,4
2020-09-18,Richmond upon Thames,764,6
2020-09-17,Richmond upon Thames,758,4
2020-09-16,Richmond upon Thames,754,2
2020-09-15,Richmond upon Thames,752,4
2020-09-14,Richmond upon Thames,748,3
2020-09-13,Richmond upon Thames,745,2
2020-09-12,Richmond upon Thames,743,7
2020-09-11,Richmond upon Thames,736,2
2020-09-10,Richmond upon Thames,734,6
2020-09-09,Richmond upon Thames,728,7
2020-09-08,Richmond upon Thames,721,4
2020-09-07,Richmond upon Thames,717,12
2020-09-06,Richmond upon Thames,705,8
2020-09-05,Richmond upon Thames,697,5
2020-09-04,Richmond upon Thames,692,9
2020-09-03,Richmond upon Thames,683,5
2020-09-02,Richmond upon Thames,678,5
2020-09-01,Richmond upon Thames,673,9
2020-08-31,Richmond upon Thames,664,5
2020-08-30,Richmond upon Thames,659,2
2020-08-29,Richmond upon Thames,657,2
2020-08-28,Richmond upon Thames,655,3
2020-08-27,Richmond upon Thames,652,10
2020-08-26,Richmond upon Thames,642,3
2020-08-25,Richmond upon Thames,639,5
2020-08-24,Richmond upon Thames,634,5
2020-08-23,Richmond upon Thames,629,1
2020-08-22,Richmond upon Thames,628,4
2020-08-21,Richmond upon Thames,624,4
2020-08-20,Richmond upon Thames,620,2
2020-08-19,Richmond upon Thames,618,4
2020-08-18,Richmond upon Thames,614,3
2020-08-17,Richmond upon Thames,611,2
2020-08-16,Richmond upon Thames,609,1
2020-08-15,Richmond upon Thames,608,5
2020-08-14,Richmond upon Thames,603,7
2020-08-13,Richmond upon Thames,596,6
2020-08-12,Richmond upon Thames,590,11
2020-08-11,Richmond upon Thames,579,5
2020-08-10,Richmond upon Thames,574,3
2020-08-09,Richmond upon Thames,571,1
2020-08-08,Richmond upon Thames,570,3
2020-08-07,Richmond upon Thames,567,1
2020-08-06,Richmond upon Thames,566,2
2020-08-05,Richmond upon Thames,564,2
2020-08-04,Richmond upon Thames,562,2
2020-08-03,Richmond upon Thames,560,1
2020-08-02,Richmond upon Thames,559,0
2020-08-01,Richmond upon Thames,559,1
2020-07-31,Richmond upon Thames,558,1
2020-07-30,Richmond upon Thames,557,2
2020-07-29,Richmond upon Thames,555,2
2020-07-28,Richmond upon Thames,553,1
2020-07-27,Richmond upon Thames,552,2
2020-07-26,Richmond upon Thames,550,0
2020-07-25,Richmond upon Thames,550,1
2020-07-24,Richmond upon Thames,549,1
2020-07-23,Richmond upon Thames,548,2
2020-07-22,Richmond upon Thames,546,1
2020-07-21,Richmond upon Thames,545,1
2020-07-20,Richmond upon Thames,544,1
2020-07-19,Richmond upon Thames,543,0
2020-07-18,Richmond upon Thames,543,1
2020-07-17,Richmond upon Thames,542,0
2020-07-16,Richmond upon Thames,542,1
2020-07-15,Richmond upon Thames,541,1
2020-07-14,Richmond upon Thames,540,0
2020-07-13,Richmond upon Thames,540,1
2020-07-12,Richmond upon Thames,539,0
2020-07-11,Richmond upon Thames,539,0
2020-07-10,Richmond upon Thames,539,0
2020-07-09,Richmond upon Thames,539,0
2020-07-08,Richmond upon Thames,539,0
2020-07-07,Richmond upon Thames,539,1
2020-07-06,Richmond upon Thames,538,0
2020-07-05,Richmond upon Thames,538,1
2020-07-04,Richmond upon Thames,537,1
2020-07-03,Richmond upon Thames,536,0
2020-07-02,Richmond upon Thames,536,1
2020-07-01,Richmond upon Thames,535,1
2020-06-30,Richmond upon Thames,534,1
2020-06-29,Richmond upon Thames,533,0
2020-06-28,Richmond upon Thames,533,0
2020-06-27,Richmond upon Thames,533,1
2020-06-26,Richmond upon Thames,532,0
2020-06-25,Richmond upon Thames,532,1
2020-06-24,Richmond upon Thames,531,0
2020-06-23,Richmond upon Thames,531,0
2020-06-22,Richmond upon Thames,531,4
2020-06-21,Richmond upon Thames,527,0
2020-06-20,Richmond upon Thames,527,0
2020-06-19,Richmond upon Thames,527,0
2020-06-18,Richmond upon Thames,527,0
2020-06-17,Richmond upon Thames,527,1
2020-06-16,Richmond upon Thames,526,1
2020-06-15,Richmond upon Thames,525,0
2020-06-14,Richmond upon Thames,525,0
2020-06-13,Richmond upon Thames,525,0
2020-06-12,Richmond upon Thames,525,2
2020-06-11,Richmond upon Thames,523,0
2020-06-10,Richmond upon Thames,523,1
2020-06-09,Richmond upon Thames,522,3
2020-06-08,Richmond upon Thames,519,3
2020-06-07,Richmond upon Thames,516,0
2020-06-06,Richmond upon Thames,516,0
2020-06-05,Richmond upon Thames,516,1
2020-06-04,Richmond upon Thames,515,3
2020-06-03,Richmond upon Thames,512,2
2020-06-02,Richmond upon Thames,510,0
2020-06-01,Richmond upon Thames,510,1
2020-05-31,Richmond upon Thames,509,1
2020-05-30,Richmond upon Thames,508,0
2020-05-29,Richmond upon Thames,508,0
2020-05-28,Richmond upon Thames,508,0
2020-05-27,Richmond upon Thames,508,3
2020-05-26,Richmond upon Thames,505,3
2020-05-25,Richmond upon Thames,502,5
2020-05-24,Richmond upon Thames,497,3
2020-05-23,Richmond upon Thames,494,0
2020-05-22,Richmond upon Thames,494,0
2020-05-21,Richmond upon Thames,494,3
2020-05-20,Richmond upon Thames,491,1
2020-05-19,Richmond upon Thames,490,0
2020-05-18,Richmond upon Thames,490,1
2020-05-17,Richmond upon Thames,489,1
2020-05-16,Richmond upon Thames,488,1
2020-05-15,Richmond upon Thames,487,4
2020-05-14,Richmond upon Thames,483,1
2020-05-13,Richmond upon Thames,482,4
2020-05-12,Richmond upon Thames,478,1
2020-05-11,Richmond upon Thames,477,4
2020-05-10,Richmond upon Thames,473,0
2020-05-09,Richmond upon Thames,473,2
2020-05-08,Richmond upon Thames,471,3
2020-05-07,Richmond upon Thames,468,6
2020-05-06,Richmond upon Thames,462,3
2020-05-05,Richmond upon Thames,459,3
2020-05-04,Richmond upon Thames,456,4
2020-05-03,Richmond upon Thames,452,4
2020-05-02,Richmond upon Thames,448,3
2020-05-01,Richmond upon Thames,445,7
2020-04-30,Richmond upon Thames,438,10
2020-04-29,Richmond upon Thames,428,15
2020-04-28,Richmond upon Thames,413,7
2020-04-27,Richmond upon Thames,406,9
2020-04-26,Richmond upon Thames,397,1
2020-04-25,Richmond upon Thames,396,4
2020-04-24,Richmond upon Thames,392,5
2020-04-23,Richmond upon Thames,387,4
2020-04-22,Richmond upon Thames,383,3
2020-04-21,Richmond upon Thames,380,10
2020-04-20,Richmond upon Thames,370,6
2020-04-19,Richmond upon Thames,364,11
2020-04-18,Richmond upon Thames,353,6
2020-04-17,Richmond upon Thames,347,7
2020-04-16,Richmond upon Thames,340,11
2020-04-15,Richmond upon Thames,329,9
2020-04-14,Richmond upon Thames,320,9
2020-04-13,Richmond upon Thames,311,8
2020-04-12,Richmond upon Thames,303,11
2020-04-11,Richmond upon Thames,292,6
2020-04-10,Richmond upon Thames,286,12
2020-04-09,Richmond upon Thames,274,9
2020-04-08,Richmond upon Thames,265,9
2020-04-07,Richmond upon Thames,256,14
2020-04-06,Richmond upon Thames,242,11
2020-04-05,Richmond upon Thames,231,7
2020-04-04,Richmond upon Thames,224,8
2020-04-03,Richmond upon Thames,216,15
2020-04-02,Richmond upon Thames,201,8
2020-04-01,Richmond upon Thames,193,15
2020-03-31,Richmond upon Thames,178,16
2020-03-30,Richmond upon Thames,162,12
2020-03-29,Richmond upon Thames,150,15
2020-03-28,Richmond upon Thames,135,11
2020-03-27,Richmond upon Thames,124,19
2020-03-26,Richmond upon Thames,105,12
2020-03-25,Richmond upon Thames,93,15
2020-03-24,Richmond upon Thames,78,14
2020-03-23,Richmond upon Thames,64,16
2020-03-22,Richmond upon Thames,48,9
2020-03-21,Richmond upon Thames,39,2
2020-03-20,Richmond upon Thames,37,9
2020-03-19,Richmond upon Thames,28,4
2020-03-18,Richmond upon Thames,24,5
2020-03-17,Richmond upon Thames,19,5
2020-03-16,Richmond upon Thames,14,4
2020-03-15,Richmond upon Thames,10,2
2020-03-14,Richmond upon Thames,8,0
2020-03-13,Richmond upon Thames,8,3
2020-03-12,Richmond upon Thames,5,1
2020-03-11,Richmond upon Thames,4,1
2020-03-10,Richmond upon Thames,3,1
2020-03-09,Richmond upon Thames,2,0
2020-03-08,Richmond upon Thames,2,0
2020-03-07,Richmond upon Thames,2,0
2020-03-06,Richmond upon Thames,2,2
