date,areaName,cumCasesBySpecimenDate,newCasesBySpecimenDate
2021-04-19,Southwark,22380,5
2021-04-18,Southwark,22375,13
2021-04-17,Southwark,22362,3
2021-04-16,Southwark,22359,7
2021-04-15,Southwark,22352,6
2021-04-14,Southwark,22346,6
2021-04-13,Southwark,22340,9
2021-04-12,Southwark,22331,6
2021-04-11,Southwark,22325,8
2021-04-10,Southwark,22317,3
2021-04-09,Southwark,22314,5
2021-04-08,Southwark,22309,3
2021-04-07,Southwark,22306,9
2021-04-06,Southwark,22297,2
2021-04-05,Southwark,22295,6
2021-04-04,Southwark,22289,1
2021-04-03,Southwark,22288,3
2021-04-02,Southwark,22285,2
2021-04-01,Southwark,22283,9
2021-03-31,Southwark,22274,3
2021-03-30,Southwark,22271,4
2021-03-29,Southwark,22267,12
2021-03-28,Southwark,22255,15
2021-03-27,Southwark,22240,4
2021-03-26,Southwark,22236,6
2021-03-25,Southwark,22230,6
2021-03-24,Southwark,22224,14
2021-03-23,Southwark,22210,17
2021-03-22,Southwark,22193,7
2021-03-21,Southwark,22186,10
2021-03-20,Southwark,22176,5
2021-03-19,Southwark,22171,9
2021-03-18,Southwark,22162,14
2021-03-17,Southwark,22148,11
2021-03-16,Southwark,22137,12
2021-03-15,Southwark,22125,14
2021-03-14,Southwark,22111,8
2021-03-13,Southwark,22103,10
2021-03-12,Southwark,22093,13
2021-03-11,Southwark,22080,9
2021-03-10,Southwark,22071,11
2021-03-09,Southwark,22060,8
2021-03-08,Southwark,22052,6
2021-03-07,Southwark,22046,8
2021-03-06,Southwark,22038,8
2021-03-05,Southwark,22030,18
2021-03-04,Southwark,22012,17
2021-03-03,Southwark,21995,14
2021-03-02,Southwark,21981,13
2021-03-01,Southwark,21968,21
2021-02-28,Southwark,21947,14
2021-02-27,Southwark,21933,14
2021-02-26,Southwark,21919,9
2021-02-25,Southwark,21910,8
2021-02-24,Southwark,21902,24
2021-02-23,Southwark,21878,21
2021-02-22,Southwark,21857,17
2021-02-21,Southwark,21840,23
2021-02-20,Southwark,21817,15
2021-02-19,Southwark,21802,24
2021-02-18,Southwark,21778,35
2021-02-17,Southwark,21743,21
2021-02-16,Southwark,21722,35
2021-02-15,Southwark,21687,27
2021-02-14,Southwark,21660,28
2021-02-13,Southwark,21632,22
2021-02-12,Southwark,21610,43
2021-02-11,Southwark,21567,26
2021-02-10,Southwark,21541,42
2021-02-09,Southwark,21499,27
2021-02-08,Southwark,21472,56
2021-02-07,Southwark,21416,32
2021-02-06,Southwark,21384,36
2021-02-05,Southwark,21348,53
2021-02-04,Southwark,21295,80
2021-02-03,Southwark,21215,70
2021-02-02,Southwark,21145,93
2021-02-01,Southwark,21052,86
2021-01-31,Southwark,20966,59
2021-01-30,Southwark,20907,66
2021-01-29,Southwark,20841,126
2021-01-28,Southwark,20715,121
2021-01-27,Southwark,20594,142
2021-01-26,Southwark,20452,130
2021-01-25,Southwark,20322,154
2021-01-24,Southwark,20168,89
2021-01-23,Southwark,20079,123
2021-01-22,Southwark,19956,195
2021-01-21,Southwark,19761,164
2021-01-20,Southwark,19597,186
2021-01-19,Southwark,19411,247
2021-01-18,Southwark,19164,252
2021-01-17,Southwark,18912,147
2021-01-16,Southwark,18765,154
2021-01-15,Southwark,18611,305
2021-01-14,Southwark,18306,302
2021-01-13,Southwark,18004,321
2021-01-12,Southwark,17683,383
2021-01-11,Southwark,17300,375
2021-01-10,Southwark,16925,228
2021-01-09,Southwark,16697,276
2021-01-08,Southwark,16421,401
2021-01-07,Southwark,16020,450
2021-01-06,Southwark,15570,486
2021-01-05,Southwark,15084,591
2021-01-04,Southwark,14493,651
2021-01-03,Southwark,13842,460
2021-01-02,Southwark,13382,444
2021-01-01,Southwark,12938,183
2020-12-31,Southwark,12755,415
2020-12-30,Southwark,12340,550
2020-12-29,Southwark,11790,698
2020-12-28,Southwark,11092,351
2020-12-27,Southwark,10741,371
2020-12-26,Southwark,10370,383
2020-12-25,Southwark,9987,89
2020-12-24,Southwark,9898,290
2020-12-23,Southwark,9608,380
2020-12-22,Southwark,9228,461
2020-12-21,Southwark,8767,472
2020-12-20,Southwark,8295,268
2020-12-19,Southwark,8027,247
2020-12-18,Southwark,7780,386
2020-12-17,Southwark,7394,329
2020-12-16,Southwark,7065,316
2020-12-15,Southwark,6749,270
2020-12-14,Southwark,6479,239
2020-12-13,Southwark,6240,137
2020-12-12,Southwark,6103,110
2020-12-11,Southwark,5993,156
2020-12-10,Southwark,5837,146
2020-12-09,Southwark,5691,122
2020-12-08,Southwark,5569,121
2020-12-07,Southwark,5448,107
2020-12-06,Southwark,5341,45
2020-12-05,Southwark,5296,60
2020-12-04,Southwark,5236,67
2020-12-03,Southwark,5169,69
2020-12-02,Southwark,5100,56
2020-12-01,Southwark,5044,65
2020-11-30,Southwark,4979,78
2020-11-29,Southwark,4901,35
2020-11-28,Southwark,4866,30
2020-11-27,Southwark,4836,50
2020-11-26,Southwark,4786,35
2020-11-25,Southwark,4751,53
2020-11-24,Southwark,4698,65
2020-11-23,Southwark,4633,58
2020-11-22,Southwark,4575,24
2020-11-21,Southwark,4551,32
2020-11-20,Southwark,4519,56
2020-11-19,Southwark,4463,47
2020-11-18,Southwark,4416,54
2020-11-17,Southwark,4362,38
2020-11-16,Southwark,4324,66
2020-11-15,Southwark,4258,53
2020-11-14,Southwark,4205,38
2020-11-13,Southwark,4167,48
2020-11-12,Southwark,4119,72
2020-11-11,Southwark,4047,55
2020-11-10,Southwark,3992,62
2020-11-09,Southwark,3930,78
2020-11-08,Southwark,3852,40
2020-11-07,Southwark,3812,31
2020-11-06,Southwark,3781,49
2020-11-05,Southwark,3732,49
2020-11-04,Southwark,3683,44
2020-11-03,Southwark,3639,49
2020-11-02,Southwark,3590,79
2020-11-01,Southwark,3511,25
2020-10-31,Southwark,3486,30
2020-10-30,Southwark,3456,63
2020-10-29,Southwark,3393,48
2020-10-28,Southwark,3345,62
2020-10-27,Southwark,3283,55
2020-10-26,Southwark,3228,79
2020-10-25,Southwark,3149,33
2020-10-24,Southwark,3116,47
2020-10-23,Southwark,3069,61
2020-10-22,Southwark,3008,68
2020-10-21,Southwark,2940,94
2020-10-20,Southwark,2846,73
2020-10-19,Southwark,2773,76
2020-10-18,Southwark,2697,44
2020-10-17,Southwark,2653,28
2020-10-16,Southwark,2625,51
2020-10-15,Southwark,2574,46
2020-10-14,Southwark,2528,50
2020-10-13,Southwark,2478,32
2020-10-12,Southwark,2446,34
2020-10-11,Southwark,2412,10
2020-10-10,Southwark,2402,30
2020-10-09,Southwark,2372,38
2020-10-08,Southwark,2334,42
2020-10-07,Southwark,2292,32
2020-10-06,Southwark,2260,36
2020-10-05,Southwark,2224,43
2020-10-04,Southwark,2181,21
2020-10-03,Southwark,2160,16
2020-10-02,Southwark,2144,27
2020-10-01,Southwark,2117,31
2020-09-30,Southwark,2086,26
2020-09-29,Southwark,2060,15
2020-09-28,Southwark,2045,28
2020-09-27,Southwark,2017,17
2020-09-26,Southwark,2000,19
2020-09-25,Southwark,1981,28
2020-09-24,Southwark,1953,17
2020-09-23,Southwark,1936,29
2020-09-22,Southwark,1907,22
2020-09-21,Southwark,1885,19
2020-09-20,Southwark,1866,15
2020-09-19,Southwark,1851,13
2020-09-18,Southwark,1838,18
2020-09-17,Southwark,1820,13
2020-09-16,Southwark,1807,12
2020-09-15,Southwark,1795,8
2020-09-14,Southwark,1787,9
2020-09-13,Southwark,1778,1
2020-09-12,Southwark,1777,3
2020-09-11,Southwark,1774,10
2020-09-10,Southwark,1764,13
2020-09-09,Southwark,1751,13
2020-09-08,Southwark,1738,15
2020-09-07,Southwark,1723,16
2020-09-06,Southwark,1707,5
2020-09-05,Southwark,1702,12
2020-09-04,Southwark,1690,11
2020-09-03,Southwark,1679,7
2020-09-02,Southwark,1672,13
2020-09-01,Southwark,1659,13
2020-08-31,Southwark,1646,2
2020-08-30,Southwark,1644,3
2020-08-29,Southwark,1641,3
2020-08-28,Southwark,1638,9
2020-08-27,Southwark,1629,5
2020-08-26,Southwark,1624,4
2020-08-25,Southwark,1620,3
2020-08-24,Southwark,1617,11
2020-08-23,Southwark,1606,6
2020-08-22,Southwark,1600,4
2020-08-21,Southwark,1596,8
2020-08-20,Southwark,1588,13
2020-08-19,Southwark,1575,7
2020-08-18,Southwark,1568,6
2020-08-17,Southwark,1562,9
2020-08-16,Southwark,1553,8
2020-08-15,Southwark,1545,6
2020-08-14,Southwark,1539,8
2020-08-13,Southwark,1531,5
2020-08-12,Southwark,1526,3
2020-08-11,Southwark,1523,0
2020-08-10,Southwark,1523,7
2020-08-09,Southwark,1516,2
2020-08-08,Southwark,1514,4
2020-08-07,Southwark,1510,6
2020-08-06,Southwark,1504,1
2020-08-05,Southwark,1503,2
2020-08-04,Southwark,1501,4
2020-08-03,Southwark,1497,0
2020-08-02,Southwark,1497,2
2020-08-01,Southwark,1495,2
2020-07-31,Southwark,1493,0
2020-07-30,Southwark,1493,1
2020-07-29,Southwark,1492,3
2020-07-28,Southwark,1489,4
2020-07-27,Southwark,1485,3
2020-07-26,Southwark,1482,4
2020-07-25,Southwark,1478,2
2020-07-24,Southwark,1476,1
2020-07-23,Southwark,1475,2
2020-07-22,Southwark,1473,5
2020-07-21,Southwark,1468,1
2020-07-20,Southwark,1467,5
2020-07-19,Southwark,1462,1
2020-07-18,Southwark,1461,3
2020-07-17,Southwark,1458,1
2020-07-16,Southwark,1457,2
2020-07-15,Southwark,1455,3
2020-07-14,Southwark,1452,1
2020-07-13,Southwark,1451,3
2020-07-12,Southwark,1448,0
2020-07-11,Southwark,1448,0
2020-07-10,Southwark,1448,2
2020-07-09,Southwark,1446,1
2020-07-08,Southwark,1445,1
2020-07-07,Southwark,1444,3
2020-07-06,Southwark,1441,3
2020-07-05,Southwark,1438,0
2020-07-04,Southwark,1438,0
2020-07-03,Southwark,1438,3
2020-07-02,Southwark,1435,2
2020-07-01,Southwark,1433,1
2020-06-30,Southwark,1432,0
2020-06-29,Southwark,1432,6
2020-06-28,Southwark,1426,1
2020-06-27,Southwark,1425,2
2020-06-26,Southwark,1423,1
2020-06-25,Southwark,1422,0
2020-06-24,Southwark,1422,1
2020-06-23,Southwark,1421,0
2020-06-22,Southwark,1421,1
2020-06-21,Southwark,1420,0
2020-06-20,Southwark,1420,1
2020-06-19,Southwark,1419,2
2020-06-18,Southwark,1417,5
2020-06-17,Southwark,1412,1
2020-06-16,Southwark,1411,1
2020-06-15,Southwark,1410,1
2020-06-14,Southwark,1409,1
2020-06-13,Southwark,1408,2
2020-06-12,Southwark,1406,0
2020-06-11,Southwark,1406,0
2020-06-10,Southwark,1406,1
2020-06-09,Southwark,1405,0
2020-06-08,Southwark,1405,0
2020-06-07,Southwark,1405,1
2020-06-06,Southwark,1404,0
2020-06-05,Southwark,1404,1
2020-06-04,Southwark,1403,0
2020-06-03,Southwark,1403,2
2020-06-02,Southwark,1401,0
2020-06-01,Southwark,1401,1
2020-05-31,Southwark,1400,1
2020-05-30,Southwark,1399,0
2020-05-29,Southwark,1399,1
2020-05-28,Southwark,1398,3
2020-05-27,Southwark,1395,6
2020-05-26,Southwark,1389,1
2020-05-25,Southwark,1388,2
2020-05-24,Southwark,1386,1
2020-05-23,Southwark,1385,3
2020-05-22,Southwark,1382,0
2020-05-21,Southwark,1382,2
2020-05-20,Southwark,1380,0
2020-05-19,Southwark,1380,1
2020-05-18,Southwark,1379,2
2020-05-17,Southwark,1377,0
2020-05-16,Southwark,1377,2
2020-05-15,Southwark,1375,5
2020-05-14,Southwark,1370,4
2020-05-13,Southwark,1366,5
2020-05-12,Southwark,1361,9
2020-05-11,Southwark,1352,10
2020-05-10,Southwark,1342,6
2020-05-09,Southwark,1336,7
2020-05-08,Southwark,1329,4
2020-05-07,Southwark,1325,4
2020-05-06,Southwark,1321,9
2020-05-05,Southwark,1312,7
2020-05-04,Southwark,1305,7
2020-05-03,Southwark,1298,3
2020-05-02,Southwark,1295,3
2020-05-01,Southwark,1292,12
2020-04-30,Southwark,1280,15
2020-04-29,Southwark,1265,16
2020-04-28,Southwark,1249,9
2020-04-27,Southwark,1240,17
2020-04-26,Southwark,1223,10
2020-04-25,Southwark,1213,3
2020-04-24,Southwark,1210,12
2020-04-23,Southwark,1198,13
2020-04-22,Southwark,1185,5
2020-04-21,Southwark,1180,18
2020-04-20,Southwark,1162,11
2020-04-19,Southwark,1151,5
2020-04-18,Southwark,1146,17
2020-04-17,Southwark,1129,16
2020-04-16,Southwark,1113,22
2020-04-15,Southwark,1091,27
2020-04-14,Southwark,1064,20
2020-04-13,Southwark,1044,25
2020-04-12,Southwark,1019,12
2020-04-11,Southwark,1007,29
2020-04-10,Southwark,978,35
2020-04-09,Southwark,943,41
2020-04-08,Southwark,902,43
2020-04-07,Southwark,859,50
2020-04-06,Southwark,809,39
2020-04-05,Southwark,770,26
2020-04-04,Southwark,744,38
2020-04-03,Southwark,706,53
2020-04-02,Southwark,653,48
2020-04-01,Southwark,605,59
2020-03-31,Southwark,546,34
2020-03-30,Southwark,512,54
2020-03-29,Southwark,458,34
2020-03-28,Southwark,424,32
2020-03-27,Southwark,392,48
2020-03-26,Southwark,344,32
2020-03-25,Southwark,312,29
2020-03-24,Southwark,283,30
2020-03-23,Southwark,253,43
2020-03-22,Southwark,210,28
2020-03-21,Southwark,182,13
2020-03-20,Southwark,169,23
2020-03-19,Southwark,146,15
2020-03-18,Southwark,131,20
2020-03-17,Southwark,111,19
2020-03-16,Southwark,92,16
2020-03-15,Southwark,76,12
2020-03-14,Southwark,64,10
2020-03-13,Southwark,54,8
2020-03-12,Southwark,46,10
2020-03-11,Southwark,36,11
2020-03-10,Southwark,25,6
2020-03-09,Southwark,19,7
2020-03-08,Southwark,12,2
2020-03-07,Southwark,10,1
2020-03-06,Southwark,9,3
2020-03-05,Southwark,6,1
2020-03-04,Southwark,5,1
2020-03-03,Southwark,4,0
2020-03-02,Southwark,4,1
2020-03-01,Southwark,3,0
2020-02-29,Southwark,3,0
2020-02-28,Southwark,3,1
2020-02-27,Southwark,2,0
2020-02-26,Southwark,2,0
2020-02-25,Southwark,2,2
