date,areaName,cumCasesBySpecimenDate,newCasesBySpecimenDate
2021-04-19,Wandsworth,22103,5
2021-04-18,Wandsworth,22098,16
2021-04-17,Wandsworth,22082,3
2021-04-16,Wandsworth,22079,10
2021-04-15,Wandsworth,22069,22
2021-04-14,Wandsworth,22047,12
2021-04-13,Wandsworth,22035,5
2021-04-12,Wandsworth,22030,14
2021-04-11,Wandsworth,22016,9
2021-04-10,Wandsworth,22007,20
2021-04-09,Wandsworth,21987,9
2021-04-08,Wandsworth,21978,11
2021-04-07,Wandsworth,21967,12
2021-04-06,Wandsworth,21955,13
2021-04-05,Wandsworth,21942,11
2021-04-04,Wandsworth,21931,6
2021-04-03,Wandsworth,21925,8
2021-04-02,Wandsworth,21917,14
2021-04-01,Wandsworth,21903,13
2021-03-31,Wandsworth,21890,15
2021-03-30,Wandsworth,21875,16
2021-03-29,Wandsworth,21859,11
2021-03-28,Wandsworth,21848,20
2021-03-27,Wandsworth,21828,7
2021-03-26,Wandsworth,21821,23
2021-03-25,Wandsworth,21798,13
2021-03-24,Wandsworth,21785,20
2021-03-23,Wandsworth,21765,22
2021-03-22,Wandsworth,21743,17
2021-03-21,Wandsworth,21726,15
2021-03-20,Wandsworth,21711,12
2021-03-19,Wandsworth,21699,21
2021-03-18,Wandsworth,21678,12
2021-03-17,Wandsworth,21666,19
2021-03-16,Wandsworth,21647,24
2021-03-15,Wandsworth,21623,25
2021-03-14,Wandsworth,21598,15
2021-03-13,Wandsworth,21583,6
2021-03-12,Wandsworth,21577,19
2021-03-11,Wandsworth,21558,19
2021-03-10,Wandsworth,21539,15
2021-03-09,Wandsworth,21524,11
2021-03-08,Wandsworth,21513,16
2021-03-07,Wandsworth,21497,12
2021-03-06,Wandsworth,21485,18
2021-03-05,Wandsworth,21467,13
2021-03-04,Wandsworth,21454,17
2021-03-03,Wandsworth,21437,23
2021-03-02,Wandsworth,21414,27
2021-03-01,Wandsworth,21387,20
2021-02-28,Wandsworth,21367,21
2021-02-27,Wandsworth,21346,17
2021-02-26,Wandsworth,21329,15
2021-02-25,Wandsworth,21314,33
2021-02-24,Wandsworth,21281,23
2021-02-23,Wandsworth,21258,29
2021-02-22,Wandsworth,21229,45
2021-02-21,Wandsworth,21184,32
2021-02-20,Wandsworth,21152,29
2021-02-19,Wandsworth,21123,18
2021-02-18,Wandsworth,21105,18
2021-02-17,Wandsworth,21087,38
2021-02-16,Wandsworth,21049,46
2021-02-15,Wandsworth,21003,55
2021-02-14,Wandsworth,20948,19
2021-02-13,Wandsworth,20929,17
2021-02-12,Wandsworth,20912,45
2021-02-11,Wandsworth,20867,51
2021-02-10,Wandsworth,20816,52
2021-02-09,Wandsworth,20764,58
2021-02-08,Wandsworth,20706,58
2021-02-07,Wandsworth,20648,44
2021-02-06,Wandsworth,20604,48
2021-02-05,Wandsworth,20556,72
2021-02-04,Wandsworth,20484,74
2021-02-03,Wandsworth,20410,91
2021-02-02,Wandsworth,20319,99
2021-02-01,Wandsworth,20220,112
2021-01-31,Wandsworth,20108,78
2021-01-30,Wandsworth,20030,78
2021-01-29,Wandsworth,19952,104
2021-01-28,Wandsworth,19848,97
2021-01-27,Wandsworth,19751,130
2021-01-26,Wandsworth,19621,123
2021-01-25,Wandsworth,19498,170
2021-01-24,Wandsworth,19328,79
2021-01-23,Wandsworth,19249,99
2021-01-22,Wandsworth,19150,146
2021-01-21,Wandsworth,19004,156
2021-01-20,Wandsworth,18848,182
2021-01-19,Wandsworth,18666,204
2021-01-18,Wandsworth,18462,227
2021-01-17,Wandsworth,18235,146
2021-01-16,Wandsworth,18089,174
2021-01-15,Wandsworth,17915,227
2021-01-14,Wandsworth,17688,310
2021-01-13,Wandsworth,17378,260
2021-01-12,Wandsworth,17118,282
2021-01-11,Wandsworth,16836,324
2021-01-10,Wandsworth,16512,211
2021-01-09,Wandsworth,16301,257
2021-01-08,Wandsworth,16044,309
2021-01-07,Wandsworth,15735,348
2021-01-06,Wandsworth,15387,353
2021-01-05,Wandsworth,15034,419
2021-01-04,Wandsworth,14615,526
2021-01-03,Wandsworth,14089,350
2021-01-02,Wandsworth,13739,389
2021-01-01,Wandsworth,13350,145
2020-12-31,Wandsworth,13205,336
2020-12-30,Wandsworth,12869,515
2020-12-29,Wandsworth,12354,542
2020-12-28,Wandsworth,11812,360
2020-12-27,Wandsworth,11452,337
2020-12-26,Wandsworth,11115,338
2020-12-25,Wandsworth,10777,90
2020-12-24,Wandsworth,10687,311
2020-12-23,Wandsworth,10376,418
2020-12-22,Wandsworth,9958,454
2020-12-21,Wandsworth,9504,457
2020-12-20,Wandsworth,9047,298
2020-12-19,Wandsworth,8749,243
2020-12-18,Wandsworth,8506,450
2020-12-17,Wandsworth,8056,401
2020-12-16,Wandsworth,7655,323
2020-12-15,Wandsworth,7332,315
2020-12-14,Wandsworth,7017,258
2020-12-13,Wandsworth,6759,153
2020-12-12,Wandsworth,6606,141
2020-12-11,Wandsworth,6465,147
2020-12-10,Wandsworth,6318,150
2020-12-09,Wandsworth,6168,134
2020-12-08,Wandsworth,6034,114
2020-12-07,Wandsworth,5920,110
2020-12-06,Wandsworth,5810,46
2020-12-05,Wandsworth,5764,42
2020-12-04,Wandsworth,5722,76
2020-12-03,Wandsworth,5646,54
2020-12-02,Wandsworth,5592,68
2020-12-01,Wandsworth,5524,71
2020-11-30,Wandsworth,5453,69
2020-11-29,Wandsworth,5384,43
2020-11-28,Wandsworth,5341,32
2020-11-27,Wandsworth,5309,53
2020-11-26,Wandsworth,5256,58
2020-11-25,Wandsworth,5198,49
2020-11-24,Wandsworth,5149,41
2020-11-23,Wandsworth,5108,70
2020-11-22,Wandsworth,5038,33
2020-11-21,Wandsworth,5005,28
2020-11-20,Wandsworth,4977,54
2020-11-19,Wandsworth,4923,41
2020-11-18,Wandsworth,4882,48
2020-11-17,Wandsworth,4834,71
2020-11-16,Wandsworth,4763,81
2020-11-15,Wandsworth,4682,42
2020-11-14,Wandsworth,4640,68
2020-11-13,Wandsworth,4572,88
2020-11-12,Wandsworth,4484,99
2020-11-11,Wandsworth,4385,111
2020-11-10,Wandsworth,4274,85
2020-11-09,Wandsworth,4189,105
2020-11-08,Wandsworth,4084,72
2020-11-07,Wandsworth,4012,62
2020-11-06,Wandsworth,3950,68
2020-11-05,Wandsworth,3882,66
2020-11-04,Wandsworth,3816,81
2020-11-03,Wandsworth,3735,64
2020-11-02,Wandsworth,3671,75
2020-11-01,Wandsworth,3596,35
2020-10-31,Wandsworth,3561,45
2020-10-30,Wandsworth,3516,52
2020-10-29,Wandsworth,3464,67
2020-10-28,Wandsworth,3397,61
2020-10-27,Wandsworth,3336,79
2020-10-26,Wandsworth,3257,81
2020-10-25,Wandsworth,3176,47
2020-10-24,Wandsworth,3129,44
2020-10-23,Wandsworth,3085,76
2020-10-22,Wandsworth,3009,88
2020-10-21,Wandsworth,2921,97
2020-10-20,Wandsworth,2824,81
2020-10-19,Wandsworth,2743,85
2020-10-18,Wandsworth,2658,45
2020-10-17,Wandsworth,2613,50
2020-10-16,Wandsworth,2563,54
2020-10-15,Wandsworth,2509,59
2020-10-14,Wandsworth,2450,61
2020-10-13,Wandsworth,2389,48
2020-10-12,Wandsworth,2341,59
2020-10-11,Wandsworth,2282,22
2020-10-10,Wandsworth,2260,26
2020-10-09,Wandsworth,2234,50
2020-10-08,Wandsworth,2184,57
2020-10-07,Wandsworth,2127,50
2020-10-06,Wandsworth,2077,45
2020-10-05,Wandsworth,2032,50
2020-10-04,Wandsworth,1982,19
2020-10-03,Wandsworth,1963,29
2020-10-02,Wandsworth,1934,38
2020-10-01,Wandsworth,1896,28
2020-09-30,Wandsworth,1868,42
2020-09-29,Wandsworth,1826,26
2020-09-28,Wandsworth,1800,18
2020-09-27,Wandsworth,1782,15
2020-09-26,Wandsworth,1767,14
2020-09-25,Wandsworth,1753,12
2020-09-24,Wandsworth,1741,19
2020-09-23,Wandsworth,1722,16
2020-09-22,Wandsworth,1706,18
2020-09-21,Wandsworth,1688,18
2020-09-20,Wandsworth,1670,9
2020-09-19,Wandsworth,1661,10
2020-09-18,Wandsworth,1651,20
2020-09-17,Wandsworth,1631,11
2020-09-16,Wandsworth,1620,9
2020-09-15,Wandsworth,1611,5
2020-09-14,Wandsworth,1606,9
2020-09-13,Wandsworth,1597,5
2020-09-12,Wandsworth,1592,6
2020-09-11,Wandsworth,1586,15
2020-09-10,Wandsworth,1571,22
2020-09-09,Wandsworth,1549,11
2020-09-08,Wandsworth,1538,12
2020-09-07,Wandsworth,1526,22
2020-09-06,Wandsworth,1504,8
2020-09-05,Wandsworth,1496,4
2020-09-04,Wandsworth,1492,23
2020-09-03,Wandsworth,1469,11
2020-09-02,Wandsworth,1458,7
2020-09-01,Wandsworth,1451,19
2020-08-31,Wandsworth,1432,7
2020-08-30,Wandsworth,1425,5
2020-08-29,Wandsworth,1420,9
2020-08-28,Wandsworth,1411,12
2020-08-27,Wandsworth,1399,13
2020-08-26,Wandsworth,1386,11
2020-08-25,Wandsworth,1375,9
2020-08-24,Wandsworth,1366,5
2020-08-23,Wandsworth,1361,5
2020-08-22,Wandsworth,1356,6
2020-08-21,Wandsworth,1350,15
2020-08-20,Wandsworth,1335,13
2020-08-19,Wandsworth,1322,8
2020-08-18,Wandsworth,1314,12
2020-08-17,Wandsworth,1302,6
2020-08-16,Wandsworth,1296,1
2020-08-15,Wandsworth,1295,9
2020-08-14,Wandsworth,1286,4
2020-08-13,Wandsworth,1282,4
2020-08-12,Wandsworth,1278,8
2020-08-11,Wandsworth,1270,4
2020-08-10,Wandsworth,1266,7
2020-08-09,Wandsworth,1259,3
2020-08-08,Wandsworth,1256,1
2020-08-07,Wandsworth,1255,1
2020-08-06,Wandsworth,1254,3
2020-08-05,Wandsworth,1251,9
2020-08-04,Wandsworth,1242,5
2020-08-03,Wandsworth,1237,9
2020-08-02,Wandsworth,1228,4
2020-08-01,Wandsworth,1224,2
2020-07-31,Wandsworth,1222,5
2020-07-30,Wandsworth,1217,7
2020-07-29,Wandsworth,1210,2
2020-07-28,Wandsworth,1208,4
2020-07-27,Wandsworth,1204,5
2020-07-26,Wandsworth,1199,1
2020-07-25,Wandsworth,1198,1
2020-07-24,Wandsworth,1197,6
2020-07-23,Wandsworth,1191,2
2020-07-22,Wandsworth,1189,1
2020-07-21,Wandsworth,1188,2
2020-07-20,Wandsworth,1186,3
2020-07-19,Wandsworth,1183,1
2020-07-18,Wandsworth,1182,2
2020-07-17,Wandsworth,1180,3
2020-07-16,Wandsworth,1177,5
2020-07-15,Wandsworth,1172,3
2020-07-14,Wandsworth,1169,1
2020-07-13,Wandsworth,1168,5
2020-07-12,Wandsworth,1163,1
2020-07-11,Wandsworth,1162,1
2020-07-10,Wandsworth,1161,4
2020-07-09,Wandsworth,1157,1
2020-07-08,Wandsworth,1156,1
2020-07-07,Wandsworth,1155,2
2020-07-06,Wandsworth,1153,3
2020-07-05,Wandsworth,1150,2
2020-07-04,Wandsworth,1148,2
2020-07-03,Wandsworth,1146,4
2020-07-02,Wandsworth,1142,2
2020-07-01,Wandsworth,1140,0
2020-06-30,Wandsworth,1140,1
2020-06-29,Wandsworth,1139,0
2020-06-28,Wandsworth,1139,0
2020-06-27,Wandsworth,1139,0
2020-06-26,Wandsworth,1139,4
2020-06-25,Wandsworth,1135,2
2020-06-24,Wandsworth,1133,0
2020-06-23,Wandsworth,1133,3
2020-06-22,Wandsworth,1130,3
2020-06-21,Wandsworth,1127,0
2020-06-20,Wandsworth,1127,2
2020-06-19,Wandsworth,1125,0
2020-06-18,Wandsworth,1125,1
2020-06-17,Wandsworth,1124,4
2020-06-16,Wandsworth,1120,0
2020-06-15,Wandsworth,1120,2
2020-06-14,Wandsworth,1118,1
2020-06-13,Wandsworth,1117,0
2020-06-12,Wandsworth,1117,0
2020-06-11,Wandsworth,1117,1
2020-06-10,Wandsworth,1116,1
2020-06-09,Wandsworth,1115,1
2020-06-08,Wandsworth,1114,0
2020-06-07,Wandsworth,1114,0
2020-06-06,Wandsworth,1114,0
2020-06-05,Wandsworth,1114,0
2020-06-04,Wandsworth,1114,1
2020-06-03,Wandsworth,1113,2
2020-06-02,Wandsworth,1111,0
2020-06-01,Wandsworth,1111,3
2020-05-31,Wandsworth,1108,1
2020-05-30,Wandsworth,1107,1
2020-05-29,Wandsworth,1106,1
2020-05-28,Wandsworth,1105,2
2020-05-27,Wandsworth,1103,2
2020-05-26,Wandsworth,1101,0
2020-05-25,Wandsworth,1101,0
2020-05-24,Wandsworth,1101,3
2020-05-23,Wandsworth,1098,4
2020-05-22,Wandsworth,1094,1
2020-05-21,Wandsworth,1093,3
2020-05-20,Wandsworth,1090,4
2020-05-19,Wandsworth,1086,4
2020-05-18,Wandsworth,1082,3
2020-05-17,Wandsworth,1079,2
2020-05-16,Wandsworth,1077,1
2020-05-15,Wandsworth,1076,6
2020-05-14,Wandsworth,1070,3
2020-05-13,Wandsworth,1067,8
2020-05-12,Wandsworth,1059,10
2020-05-11,Wandsworth,1049,1
2020-05-10,Wandsworth,1048,6
2020-05-09,Wandsworth,1042,4
2020-05-08,Wandsworth,1038,2
2020-05-07,Wandsworth,1036,9
2020-05-06,Wandsworth,1027,5
2020-05-05,Wandsworth,1022,5
2020-05-04,Wandsworth,1017,4
2020-05-03,Wandsworth,1013,4
2020-05-02,Wandsworth,1009,3
2020-05-01,Wandsworth,1006,12
2020-04-30,Wandsworth,994,12
2020-04-29,Wandsworth,982,12
2020-04-28,Wandsworth,970,8
2020-04-27,Wandsworth,962,7
2020-04-26,Wandsworth,955,7
2020-04-25,Wandsworth,948,7
2020-04-24,Wandsworth,941,12
2020-04-23,Wandsworth,929,10
2020-04-22,Wandsworth,919,6
2020-04-21,Wandsworth,913,9
2020-04-20,Wandsworth,904,10
2020-04-19,Wandsworth,894,4
2020-04-18,Wandsworth,890,12
2020-04-17,Wandsworth,878,21
2020-04-16,Wandsworth,857,20
2020-04-15,Wandsworth,837,21
2020-04-14,Wandsworth,816,23
2020-04-13,Wandsworth,793,17
2020-04-12,Wandsworth,776,11
2020-04-11,Wandsworth,765,14
2020-04-10,Wandsworth,751,29
2020-04-09,Wandsworth,722,24
2020-04-08,Wandsworth,698,26
2020-04-07,Wandsworth,672,25
2020-04-06,Wandsworth,647,35
2020-04-05,Wandsworth,612,18
2020-04-04,Wandsworth,594,28
2020-04-03,Wandsworth,566,29
2020-04-02,Wandsworth,537,38
2020-04-01,Wandsworth,499,39
2020-03-31,Wandsworth,460,41
2020-03-30,Wandsworth,419,29
2020-03-29,Wandsworth,390,23
2020-03-28,Wandsworth,367,20
2020-03-27,Wandsworth,347,29
2020-03-26,Wandsworth,318,32
2020-03-25,Wandsworth,286,44
2020-03-24,Wandsworth,242,28
2020-03-23,Wandsworth,214,27
2020-03-22,Wandsworth,187,16
2020-03-21,Wandsworth,171,16
2020-03-20,Wandsworth,155,23
2020-03-19,Wandsworth,132,17
2020-03-18,Wandsworth,115,15
2020-03-17,Wandsworth,100,20
2020-03-16,Wandsworth,80,13
2020-03-15,Wandsworth,67,12
2020-03-14,Wandsworth,55,12
2020-03-13,Wandsworth,43,4
2020-03-12,Wandsworth,39,12
2020-03-11,Wandsworth,27,10
2020-03-10,Wandsworth,17,9
2020-03-09,Wandsworth,8,2
2020-03-08,Wandsworth,6,2
2020-03-07,Wandsworth,4,0
2020-03-06,Wandsworth,4,1
2020-03-05,Wandsworth,3,0
2020-03-04,Wandsworth,3,0
2020-03-03,Wandsworth,3,1
2020-03-02,Wandsworth,2,1
2020-03-01,Wandsworth,1,1
